2;3.69e-5;3.55e-5;4.29e-5;2.41e-5;1.4;-8.86e1;-8.90e1;-8.73e1;-9.24e1;1.4
3;4.38e-5;4.21e-5;4.58e-5;2.60e-5;1.8;-8.72e1;-8.75e1;-8.68e1;-9.17e1;1.8
4;5.79e-5;5.60e-5;5.78e-5;2.95e-5;2.2;-8.47e1;-8.50e1;-8.48e1;-9.06e1;2.2
5;9.43e-5;9.53e-5;0.000101;3.50e-5;2.6;-8.05e1;-8.04e1;-7.99e1;-8.91e1;2.6
6;0.000171;0.000174;0.000184;5.80e-5;3;-7.53e1;-7.52e1;-7.47e1;-8.47e1;3
7;0.000353;0.000359;0.000378;0.000118;3.4;-6.90e1;-6.89e1;-6.85e1;-7.86e1;3.4
8;0.000945;0.000945;0.000994;0.000301;3.8;-6.05e1;-6.05e1;-6.01e1;-7.04e1;3.8
9;0.005588;0.005449;0.005703;0.001573;4.2;-4.51e1;-4.53e1;-4.49e1;-5.61e1;4.2
10;0.022459;0.023444;0.024567;0.006676;4.6;-3.30e1;-3.26e1;-3.22e1;-4.35e1;4.6
11;0.041846;0.043511;0.045724;0.012577;5;-2.76e1;-2.72e1;-2.68e1;-3.80e1;5
12;0.054312;0.050848;0.05122;0.013823;5.4;-2.53e1;-2.59e1;-2.58e1;-3.72e1;5.4
13;0.068511;0.066252;0.068229;0.022167;5.8;-2.33e1;-2.36e1;-2.33e1;-3.31e1;5.8
14;0.087936;0.083521;0.084903;0.03772;6.2;-2.11e1;-2.16e1;-2.14e1;-2.85e1;6.2
15;0.112566;0.119901;0.147506;0.063274;6.6;-1.90e1;-1.84e1;-1.66e1;-2.40e1;6.6
16;0.147933;0.153987;0.200012;0.094709;7;-1.66e1;-1.63e1;-1.40e1;-2.05e1;7
17;0.184506;0.198711;0.276604;0.129142;7.4;-1.47e1;-1.40e1;-1.12e1;-1.78e1;7.4
18;0.218619;0.248499;0.36586;0.17003;7.8;-1.32e1;-1.21e1;-8.73e0;-1.54e1;7.8
19;0.24438;0.275068;0.43768;0.1912;8.2;-1.22e1;-1.12e1;-7.18e0;-1.44e1;8.2
20;0.247833;0.307341;0.532625;0.215071;8.6;-1.21e1;-1.02e1;-5.47e0;-1.33e1;8.6
21;0.247353;0.332112;0.635734;0.229618;9;-1.21e1;-9.57e0;-3.93e0;-1.28e1;9
22;0.269966;0.349537;0.756139;0.2319;9.4;-1.14e1;-9.13e0;-2.43e0;-1.27e1;9.4
23;0.261949;0.376709;0.889437;0.237751;9.8;-1.16e1;-8.48e0;-1.02e0;-1.25e1;9.8
24;0.264266;0.423281;1.101443;0.239487;10.2;-1.16e1;-7.47e0;8.39e-1;-1.24e1;10.2
25;0.264921;0.504453;1.339732;0.243846;10.6;-1.15e1;-5.94e0;2.54e0;-1.23e1;10.6
26;0.25758;0.679961;1.496316;0.244956;11;-1.18e1;-3.35e0;3.50e0;-1.22e1;11
27;0.236262;0.896824;1.55295;0.241705;11.4;-1.25e1;-9.46e-1;3.82e0;-1.23e1;11.4
28;0.233118;0.925729;1.567634;0.209426;11.8;-1.26e1;-6.70e-1;3.90e0;-1.36e1;11.8
29;0.269576;0.531203;1.556511;0.244855;12.2;-1.14e1;-5.49e0;3.84e0;-1.22e1;12.2
30;0.262617;0.168929;1.436603;0.251353;12.6;-1.16e1;-1.54e1;3.15e0;-1.20e1;12.6
31;0.269419;0.131914;1.240274;0.254822;13;-1.14e1;-1.76e1;1.87e0;-1.19e1;13
32;0.265989;0.078537;1.052276;0.248543;13.4;-1.15e1;-2.21e1;4.43e-1;-1.21e1;13.4
33;0.257594;0.093944;0.850363;0.240175;13.8;-1.18e1;-2.05e1;-1.41e0;-1.24e1;13.8
34;0.258575;0.096426;0.709624;0.234682;14.2;-1.17e1;-2.03e1;-2.98e0;-1.26e1;14.2
35;0.257269;0.121413;0.623218;0.232945;14.6;-1.18e1;-1.83e1;-4.11e0;-1.27e1;14.6
36;0.261586;0.127611;0.561624;0.234449;15;-1.16e1;-1.79e1;-5.01e0;-1.26e1;15
37;0.260095;0.140462;0.510954;0.242813;15.4;-1.17e1;-1.70e1;-5.83e0;-1.23e1;15.4
38;0.257263;0.14063;0.463891;0.234684;15.8;-1.18e1;-1.70e1;-6.67e0;-1.26e1;15.8
39;0.255261;0.140794;0.420017;0.228729;16.2;-1.19e1;-1.70e1;-7.53e0;-1.28e1;16.2
40;0.240351;0.151563;0.377275;0.238498;16.6;-1.24e1;-1.64e1;-8.47e0;-1.25e1;16.6
41;0.262834;0.144642;0.361887;0.22849;17;-1.16e1;-1.68e1;-8.83e0;-1.28e1;17
42;0.265311;0.139716;0.341001;0.229869;17.4;-1.15e1;-1.71e1;-9.34e0;-1.28e1;17.4
43;0.26575;0.153907;0.320028;0.231503;17.8;-1.15e1;-1.63e1;-9.90e0;-1.27e1;17.8
44;0.272934;0.157047;0.307048;0.230898;18.2;-1.13e1;-1.61e1;-1.03e1;-1.27e1;18.2
45;0.270899;0.153854;0.28802;0.226717;18.6;-1.13e1;-1.63e1;-1.08e1;-1.29e1;18.6
46;0.277846;0.160023;0.278396;0.231871;19;-1.11e1;-1.59e1;-1.11e1;-1.27e1;19
47;0.274181;0.147293;0.258779;0.224001;19.4;-1.12e1;-1.66e1;-1.17e1;-1.30e1;19.4
48;0.272691;0.162666;0.24176;0.232354;19.8;-1.13e1;-1.58e1;-1.23e1;-1.27e1;19.8
49;0.279093;0.156853;0.23558;0.220507;20.2;-1.11e1;-1.61e1;-1.26e1;-1.31e1;20.2
50;0.289797;0.157893;0.229527;0.226983;20.6;-1.08e1;-1.60e1;-1.28e1;-1.29e1;20.6
51;0.29471;0.163511;0.221083;0.232233;21;-1.06e1;-1.57e1;-1.31e1;-1.27e1;21
52;0.29216;0.155802;0.213254;0.220277;21.4;-1.07e1;-1.61e1;-1.34e1;-1.31e1;21.4
53;0.303505;0.160164;0.210245;0.225688;21.8;-1.04e1;-1.59e1;-1.35e1;-1.29e1;21.8
54;0.311365;0.161975;0.206585;0.230332;22.2;-1.01e1;-1.58e1;-1.37e1;-1.28e1;22.2
55;0.306401;0.151748;0.195302;0.216984;22.6;-1.03e1;-1.64e1;-1.42e1;-1.33e1;22.6
56;0.315677;0.155109;0.189994;0.220437;23;-1.00e1;-1.62e1;-1.44e1;-1.31e1;23
57;0.329223;0.163856;0.191437;0.226454;23.4;-9.65e0;-1.57e1;-1.44e1;-1.29e1;23.4
58;0.329355;0.165284;0.179381;0.227752;23.8;-9.65e0;-1.56e1;-1.49e1;-1.29e1;23.8
59;0.32549;0.159712;0.170453;0.21742;24.2;-9.75e0;-1.59e1;-1.54e1;-1.33e1;24.2
60;0.345159;0.158246;0.172269;0.21943;24.6;-9.24e0;-1.60e1;-1.53e1;-1.32e1;24.6
61;0.356424;0.15823;0.172732;0.222324;25;-8.96e0;-1.60e1;-1.53e1;-1.31e1;25
62;0.366327;0.163258;0.168025;0.222806;25.4;-8.72e0;-1.57e1;-1.55e1;-1.30e1;25.4
63;0.355696;0.149249;0.157775;0.2085;25.8;-8.98e0;-1.65e1;-1.60e1;-1.36e1;25.84
64;0.366973;0.154822;0.153595;0.210644;26.2;-8.71e0;-1.62e1;-1.63e1;-1.35e1;26.2
65;0.387728;0.153954;0.1587;0.212744;26.6;-8.23e0;-1.63e1;-1.60e1;-1.34e1;26.6
66;0.400537;0.161027;0.154663;0.21511;27;-7.95e0;-1.59e1;-1.62e1;-1.33e1;27
67;0.415628;0.164983;0.155309;0.217292;27.4;-7.63e0;-1.57e1;-1.62e1;-1.33e1;27.4
68;0.440069;0.160423;0.15838;0.217729;27.8;-7.13e0;-1.59e1;-1.60e1;-1.32e1;27.8
69;0.439425;0.158065;0.151317;0.211858;28.2;-7.14e0;-1.60e1;-1.64e1;-1.35e1;28.2
70;0.439729;0.154702;0.142646;0.203706;28.6;-7.14e0;-1.62e1;-1.69e1;-1.38e1;28.6
71;0.466011;0.158216;0.143225;0.205557;29;-6.63e0;-1.60e1;-1.69e1;-1.37e1;29
72;0.490966;0.163053;0.144009;0.208477;29.4;-6.18e0;-1.58e1;-1.68e1;-1.36e1;29.4
73;0.526546;0.160588;0.148986;0.210877;29.8;-5.57e0;-1.59e1;-1.65e1;-1.35e1;29.8
74;0.555557;0.165095;0.146998;0.213279;30.2;-5.11e0;-1.56e1;-1.67e1;-1.34e1;30.2
75;0.596517;0.167789;0.150342;0.215573;30.6;-4.49e0;-1.55e1;-1.65e1;-1.33e1;30.6
76;0.636818;0.168599;0.150224;0.217273;31;-3.92e0;-1.55e1;-1.65e1;-1.33e1;31
77;0.679686;0.170986;0.150928;0.219648;31.4;-3.35e0;-1.53e1;-1.64e1;-1.32e1;31.4
78;0.733005;0.173413;0.152669;0.222221;31.8;-2.70e0;-1.52e1;-1.63e1;-1.31e1;31.8
79;0.772153;0.170429;0.148453;0.216509;32.2;-2.25e0;-1.54e1;-1.66e1;-1.33e1;32.2
80;0.793416;0.16194;0.139703;0.204713;32.6;-2.01e0;-1.58e1;-1.71e1;-1.38e1;32.6
81;0.860298;0.165798;0.139572;0.207689;33;-1.31e0;-1.56e1;-1.71e1;-1.37e1;33
82;0.965542;0.165601;0.141436;0.207644;33.4;-3.05e-1;-1.56e1;-1.70e1;-1.37e1;33.4
83;1.085625;0.170838;0.138078;0.209317;33.8;7.14e-1;-1.53e1;-1.72e1;-1.36e1;33.8
84;1.289564;0.169847;0.142341;0.211128;34.2;2.21e0;-1.54e1;-1.69e1;-1.35e1;34.2
85;1.528281;0.170345;0.142143;0.211263;34.6;3.68e0;-1.54e1;-1.69e1;-1.35e1;34.6
86;1.870933;0.172495;0.138806;0.210224;35;5.44e0;-1.53e1;-1.72e1;-1.35e1;35
87;2.298011;0.170991;0.13489;0.208751;35.4;7.23e0;-1.53e1;-1.74e1;-1.36e1;35.4
88;2.735729;0.159607;0.128967;0.197398;35.8;8.74e0;-1.59e1;-1.78e1;-1.41e1;35.8
89;2.96346;0.141437;0.110536;0.17221;36.2;9.44e0;-1.70e1;-1.91e1;-1.53e1;36.2
90;2.938314;0.159285;0.13432;0.166209;36.6;9.36e0;-1.60e1;-1.74e1;-1.56e1;36.6
91;2.885471;0.184555;0.152986;0.192337;37;9.20e0;-1.47e1;-1.63e1;-1.43e1;37
92;2.767669;0.178621;0.149621;0.194616;37.4;8.84e0;-1.50e1;-1.65e1;-1.42e1;37.4
93;2.542052;0.186027;0.150119;0.204307;37.8;8.10e0;-1.46e1;-1.65e1;-1.38e1;37.8
94;2.181707;0.186277;0.153096;0.207312;38.2;6.78e0;-1.46e1;-1.63e1;-1.37e1;38.2
95;1.816815;0.193144;0.156244;0.213277;38.6;5.19e0;-1.43e1;-1.61e1;-1.34e1;38.6
96;1.536748;0.198285;0.161175;0.218451;39;3.73e0;-1.41e1;-1.59e1;-1.32e1;39
97;1.314222;0.202338;0.161938;0.220672;39.4;2.37e0;-1.39e1;-1.58e1;-1.31e1;39.4
98;1.127915;0.20173;0.160256;0.219303;39.8;1.05e0;-1.39e1;-1.59e1;-1.32e1;39.8
99;1.007135;0.204429;0.162738;0.221122;40.2;6.18e-2;-1.38e1;-1.58e1;-1.31e1;40.2
100;0.895996;0.205856;0.166048;0.221627;40.6;-9.54e-1;-1.37e1;-1.56e1;-1.31e1;40.6
101;0.797985;0.210264;0.167441;0.222069;41;-1.96e0;-1.35e1;-1.55e1;-1.31e1;41
102;0.71549;0.211808;0.168109;0.222669;41.4;-2.91e0;-1.35e1;-1.55e1;-1.30e1;41.4
103;0.601365;0.198139;0.159385;0.208109;41.8;-4.42e0;-1.41e1;-1.60e1;-1.36e1;41.8
104;0.544984;0.20222;0.160286;0.206455;42.2;-5.27e0;-1.39e1;-1.59e1;-1.37e1;42.2
105;0.502057;0.20293;0.166336;0.205686;42.6;-5.98e0;-1.39e1;-1.56e1;-1.37e1;42.6
106;0.47032;0.207946;0.171629;0.208567;43;-6.55e0;-1.36e1;-1.53e1;-1.36e1;43
107;0.439637;0.216161;0.176251;0.211553;43.4;-7.14e0;-1.33e1;-1.51e1;-1.35e1;43.4
108;0.406398;0.219561;0.183335;0.212389;43.8;-7.82e0;-1.32e1;-1.47e1;-1.35e1;43.8
109;0.376521;0.223767;0.185412;0.211111;44.2;-8.48e0;-1.30e1;-1.46e1;-1.35e1;44.2
110;0.354224;0.227155;0.191186;0.212138;44.6;-9.01e0;-1.29e1;-1.44e1;-1.35e1;44.6
111;0.333557;0.235414;0.198891;0.215554;45;-9.54e0;-1.26e1;-1.40e1;-1.33e1;45
112;0.312625;0.237371;0.201257;0.213819;45.4;-1.01e1;-1.25e1;-1.39e1;-1.34e1;45.4
113;0.297967;0.24744;0.212381;0.218321;45.8;-1.05e1;-1.21e1;-1.35e1;-1.32e1;45.8
114;0.272507;0.249325;0.21478;0.215496;46.2;-1.13e1;-1.21e1;-1.34e1;-1.33e1;46.2
115;0.262596;0.259825;0.223341;0.219033;46.6;-1.16e1;-1.17e1;-1.30e1;-1.32e1;46.6
116;0.227731;0.24623;0.215128;0.20182;47;-1.29e1;-1.22e1;-1.33e1;-1.39e1;47
117;0.205093;0.249757;0.218968;0.197286;47.4;-1.38e1;-1.20e1;-1.32e1;-1.41e1;47.4
118;0.18663;0.254085;0.226552;0.195486;47.8;-1.46e1;-1.19e1;-1.29e1;-1.42e1;47.8
119;0.176636;0.269041;0.238562;0.200666;48.2;-1.51e1;-1.14e1;-1.24e1;-1.40e1;48.2
120;0.159304;0.273534;0.24682;0.194684;48.6;-1.60e1;-1.13e1;-1.22e1;-1.42e1;48.6
121;0.143137;0.288627;0.260265;0.198434;49;-1.69e1;-1.08e1;-1.17e1;-1.40e1;49
122;0.125209;0.29469;0.265658;0.196248;49.4;-1.80e1;-1.06e1;-1.15e1;-1.41e1;49.4
123;0.099927;0.30794;0.280491;0.195575;49.8;-2.00e1;-1.02e1;-1.10e1;-1.42e1;49.8
124;0.07051;0.322773;0.291478;0.198651;50.2;-2.30e1;-9.82e0;-1.07e1;-1.40e1;50.2
125;0.045388;0.329447;0.29854;0.198121;50.6;-2.69e1;-9.64e0;-1.05e1;-1.41e1;50.6
126;0.036283;0.338311;0.3042;0.197767;51;-2.88e1;-9.41e0;-1.03e1;-1.41e1;51
127;0.056198;0.34479;0.308449;0.20213;51.4;-2.50e1;-9.25e0;-1.02e1;-1.39e1;51.4
128;0.086993;0.339954;0.305117;0.20059;51.8;-2.12e1;-9.37e0;-1.03e1;-1.40e1;51.8
129;0.120376;0.333602;0.296797;0.196757;52.2;-1.84e1;-9.54e0;-1.06e1;-1.41e1;52.2
130;0.154571;0.326816;0.291854;0.197743;52.6;-1.62e1;-9.71e0;-1.07e1;-1.41e1;52.6
131;0.186987;0.32221;0.286709;0.201266;53;-1.46e1;-9.84e0;-1.09e1;-1.39e1;53
132;0.214896;0.308774;0.274913;0.201611;53.4;-1.34e1;-1.02e1;-1.12e1;-1.39e1;53.4
133;0.24084;0.291889;0.25971;0.199143;53.8;-1.24e1;-1.07e1;-1.17e1;-1.40e1;53.8
134;0.268935;0.280075;0.247731;0.198644;54.2;-1.14e1;-1.11e1;-1.21e1;-1.40e1;54.2
135;0.299229;0.272286;0.242081;0.2025;54.6;-1.05e1;-1.13e1;-1.23e1;-1.39e1;54.6
136;0.320645;0.268157;0.237276;0.203828;55;-9.88e0;-1.14e1;-1.25e1;-1.38e1;55
137;0.343881;0.27407;0.23975;0.20959;55.4;-9.27e0;-1.12e1;-1.24e1;-1.36e1;55.4
138;0.351697;0.277849;0.240024;0.211717;55.8;-9.08e0;-1.11e1;-1.24e1;-1.35e1;55.8
139;0.349896;0.285186;0.241932;0.215103;56.2;-9.12e0;-1.09e1;-1.23e1;-1.33e1;56.2
140;0.335533;0.289714;0.242236;0.215487;56.6;-9.49e0;-1.08e1;-1.23e1;-1.33e1;56.6
141;0.317514;0.292104;0.240235;0.213647;57;-9.96e0;-1.07e1;-1.24e1;-1.34e1;57
142;0.30195;0.296123;0.241173;0.2136;57.4;-1.04e1;-1.06e1;-1.24e1;-1.34e1;57.4
143;0.285609;0.298455;0.242204;0.212166;57.8;-1.09e1;-1.05e1;-1.23e1;-1.35e1;57.8
144;0.269708;0.301976;0.242563;0.209136;58.2;-1.14e1;-1.04e1;-1.23e1;-1.36e1;58.2
145;0.257479;0.308647;0.247713;0.209871;58.6;-1.18e1;-1.02e1;-1.21e1;-1.36e1;58.6
146;0.243834;0.314189;0.250882;0.208367;59;-1.23e1;-1.01e1;-1.20e1;-1.36e1;59
147;0.23749;0.329108;0.262207;0.211191;59.4;-1.25e1;-9.65e0;-1.16e1;-1.35e1;59.4
148;0.225133;0.337567;0.269735;0.209432;59.8;-1.30e1;-9.43e0;-1.14e1;-1.36e1;59.8
149;0.218349;0.353467;0.281753;0.211212;60.2;-1.32e1;-9.03e0;-1.10e1;-1.35e1;60.2
150;0.209835;0.367599;0.294365;0.211669;60.6;-1.36e1;-8.69e0;-1.06e1;-1.35e1;60.6
151;0.198551;0.383309;0.307239;0.209018;61;-1.40e1;-8.33e0;-1.03e1;-1.36e1;61
152;0.189352;0.404811;0.327199;0.209198;61.4;-1.45e1;-7.85e0;-9.70e0;-1.36e1;61.4
153;0.183727;0.430409;0.348996;0.209492;61.8;-1.47e1;-7.32e0;-9.14e0;-1.36e1;61.8
154;0.175601;0.448276;0.366664;0.207302;62.2;-1.51e1;-6.97e0;-8.71e0;-1.37e1;62.2
155;0.167495;0.462956;0.379977;0.203306;62.6;-1.55e1;-6.69e0;-8.40e0;-1.38e1;62.6
156;0.162953;0.479028;0.396137;0.201094;63;-1.58e1;-6.39e0;-8.04e0;-1.39e1;63
157;0.157256;0.483918;0.403153;0.195555;63.4;-1.61e1;-6.30e0;-7.89e0;-1.42e1;63.4
158;0.155635;0.488503;0.410649;0.196136;63.8;-1.62e1;-6.22e0;-7.73e0;-1.41e1;63.8
159;0.14891;0.479404;0.406088;0.188131;64.2;-1.65e1;-6.39e0;-7.83e0;-1.45e1;64.2
160;0.147404;0.471437;0.401798;0.183874;64.6;-1.66e1;-6.53e0;-7.92e0;-1.47e1;64.6
161;0.145074;0.465719;0.398771;0.179345;65;-1.68e1;-6.64e0;-7.99e0;-1.49e1;65
162;0.144834;0.458464;0.394564;0.176492;65.4;-1.68e1;-6.77e0;-8.08e0;-1.51e1;65.4
163;0.14838;0.462503;0.399932;0.179102;65.8;-1.66e1;-6.70e0;-7.96e0;-1.49e1;65.8
164;0.154732;0.476308;0.415137;0.182978;66.2;-1.62e1;-6.44e0;-7.64e0;-1.48e1;66.2
165;0.15984;0.485775;0.425315;0.182841;66.6;-1.59e1;-6.27e0;-7.43e0;-1.48e1;66.6
166;0.165146;0.500906;0.441059;0.186059;67;-1.56e1;-6.00e0;-7.11e0;-1.46e1;67
167;0.173734;0.536266;0.476398;0.197182;67.4;-1.52e1;-5.41e0;-6.44e0;-1.41e1;67.4
168;0.177096;0.573179;0.512451;0.199464;67.8;-1.50e1;-4.83e0;-5.81e0;-1.40e1;67.8
169;0.170149;0.603915;0.545219;0.195821;68.2;-1.54e1;-4.38e0;-5.27e0;-1.42e1;68.2
170;0.153526;0.605379;0.552788;0.187459;68.6;-1.63e1;-4.36e0;-5.15e0;-1.45e1;68.6
171;0.15004;0.630474;0.580448;0.192787;69;-1.65e1;-4.01e0;-4.72e0;-1.43e1;69
172;0.140637;0.652835;0.607254;0.188182;69.4;-1.70e1;-3.70e0;-4.33e0;-1.45e1;69.4
173;0.132137;0.665399;0.625089;0.185302;69.8;-1.76e1;-3.54e0;-4.08e0;-1.46e1;69.8
174;0.138688;0.714576;0.677443;0.192458;70.2;-1.72e1;-2.92e0;-3.38e0;-1.43e1;70.2
175;0.135316;0.762184;0.730391;0.193161;70.6;-1.74e1;-2.36e0;-2.73e0;-1.43e1;70.6
176;0.128366;0.77053;0.746324;0.184792;71;-1.78e1;-2.26e0;-2.54e0;-1.47e1;71
177;0.133517;0.829609;0.809172;0.192483;71.4;-1.75e1;-1.62e0;-1.84e0;-1.43e1;71.4
178;0.131646;0.878072;0.861498;0.189712;71.8;-1.76e1;-1.13e0;-1.29e0;-1.44e1;71.8
179;0.132671;0.912909;0.902126;0.188149;72.2;-1.75e1;-7.91e-1;-8.95e-1;-1.45e1;72.2
180;0.1409;0.95792;0.952342;0.195199;72.6;-1.70e1;-3.73e-1;-4.24e-1;-1.42e1;72.6
181;0.14742;1.017916;1.018919;0.197502;73;-1.66e1;1.54e-1;1.63e-1;-1.41e1;73
182;0.152368;0.979086;0.988183;0.20312;73.4;-1.63e1;-1.84e-1;-1.03e-1;-1.38e1;73.4
183;0.163528;1.015586;1.025007;0.216439;73.8;-1.57e1;1.34e-1;2.15e-1;-1.33e1;73.8
184;0.166626;0.962663;0.986341;0.223638;74.2;-1.56e1;-3.31e-1;-1.19e-1;-1.30e1;74.2
185;0.171938;0.957253;0.996524;0.231136;74.6;-1.53e1;-3.79e-1;-3.02e-2;-1.27e1;74.6
186;0.166404;0.883818;0.934597;0.226216;75;-1.56e1;-1.07e0;-5.88e-1;-1.29e1;75
187;0.169068;0.847913;0.906571;0.233781;75.4;-1.54e1;-1.43e0;-8.52e-1;-1.26e1;75.4
188;0.163768;0.779829;0.846712;0.22911;75.8;-1.57e1;-2.16e0;-1.45e0;-1.28e1;75.8
189;0.163365;0.736176;0.810092;0.232154;76.2;-1.57e1;-2.66e0;-1.83e0;-1.27e1;76.2
190;0.158911;0.673612;0.76035;0.229799;76.6;-1.60e1;-3.43e0;-2.38e0;-1.28e1;76.6
191;0.155898;0.617943;0.711972;0.228017;77;-1.61e1;-4.18e0;-2.95e0;-1.28e1;77
192;0.154491;0.568836;0.67196;0.228332;77.4;-1.62e1;-4.90e0;-3.45e0;-1.28e1;77.4
193;0.149201;0.5203;0.620926;0.224127;77.8;-1.65e1;-5.67e0;-4.14e0;-1.30e1;77.8
194;0.147923;0.486018;0.587635;0.2258;78.2;-1.66e1;-6.27e0;-4.62e0;-1.29e1;78.2
195;0.141669;0.443472;0.540918;0.219496;78.6;-1.70e1;-7.06e0;-5.34e0;-1.32e1;78.6
196;0.135773;0.401544;0.49672;0.214414;79;-1.73e1;-7.93e0;-6.08e0;-1.34e1;79
197;0.123873;0.348422;0.437714;0.199024;79.4;-1.81e1;-9.16e0;-7.18e0;-1.40e1;79.4
198;0.13295;0.35332;0.44842;0.215502;79.8;-1.75e1;-9.04e0;-6.97e0;-1.33e1;79.8
199;0.130723;0.333993;0.428891;0.215254;80.2;-1.77e1;-9.53e0;-7.35e0;-1.33e1;80.2
200;0.127864;0.315821;0.411087;0.212472;80.6;-1.79e1;-1.00e1;-7.72e0;-1.35e1;80.6
201;0.1107;0.263007;0.346593;0.186538;81;-1.91e1;-1.16e1;-9.20e0;-1.46e1;81
202;0.100879;0.237319;0.316973;0.17728;81.4;-1.99e1;-1.25e1;-9.98e0;-1.50e1;81.4
203;0.101708;0.228787;0.310493;0.182118;81.8;-1.99e1;-1.28e1;-1.02e1;-1.48e1;81.8
204;0.0962;0.208394;0.285973;0.173525;82.2;-2.03e1;-1.36e1;-1.09e1;-1.52e1;82.2
205;0.098324;0.202293;0.282507;0.178719;82.6;-2.01e1;-1.39e1;-1.10e1;-1.50e1;82.6
206;0.096493;0.18995;0.269086;0.176486;83;-2.03e1;-1.44e1;-1.14e1;-1.51e1;83
207;0.09603;0.177414;0.256766;0.176303;83.4;-2.04e1;-1.50e1;-1.18e1;-1.51e1;83.4
208;0.097506;0.17343;0.254303;0.180462;83.8;-2.02e1;-1.52e1;-1.19e1;-1.49e1;83.8
209;0.093022;0.155345;0.232938;0.170818;84.2;-2.06e1;-1.62e1;-1.27e1;-1.53e1;84.2
210;0.097968;0.157304;0.239508;0.182372;84.6;-2.02e1;-1.61e1;-1.24e1;-1.48e1;84.6
211;0.095212;0.146246;0.227197;0.179465;85;-2.04e1;-1.67e1;-1.29e1;-1.49e1;85
212;0.092017;0.134564;0.213158;0.174952;85.4;-2.07e1;-1.74e1;-1.34e1;-1.51e1;85.4
213;0.095049;0.132333;0.213991;0.181752;85.8;-2.04e1;-1.76e1;-1.34e1;-1.48e1;85.8
214;0.096504;0.128288;0.212133;0.185145;86.2;-2.03e1;-1.78e1;-1.35e1;-1.46e1;86.2
215;0.100252;0.12601;0.213526;0.193306;86.6;-2.00e1;-1.80e1;-1.34e1;-1.43e1;86.6
216;0.105654;0.127349;0.219714;0.205277;87;-1.95e1;-1.79e1;-1.32e1;-1.38e1;87
217;0.10023;0.116178;0.204484;0.196069;87.4;-2.00e1;-1.87e1;-1.38e1;-1.42e1;87.4
218;0.102484;0.111994;0.203829;0.201148;87.8;-1.98e1;-1.90e1;-1.38e1;-1.39e1;87.8
219;0.10287;0.108099;0.201152;0.203481;88.2;-1.98e1;-1.93e1;-1.39e1;-1.38e1;88.2
220;0.096725;0.097896;0.186363;0.193295;88.6;-2.03e1;-2.02e1;-1.46e1;-1.43e1;88.6
221;0.099365;0.094996;0.187407;0.199388;89;-2.01e1;-2.04e1;-1.45e1;-1.40e1;89
222;0.098123;0.090136;0.182141;0.198898;89.4;-2.02e1;-2.09e1;-1.48e1;-1.40e1;89.4
223;0.095099;0.083677;0.173594;0.1939;89.8;-2.04e1;-2.15e1;-1.52e1;-1.42e1;89.8
224;0.092508;0.0778;0.166044;0.189931;90.2;-2.07e1;-2.22e1;-1.56e1;-1.44e1;90.2
225;0.096031;0.078381;0.17003;0.198386;90.6;-2.04e1;-2.21e1;-1.54e1;-1.40e1;90.6
226;0.09475;0.074977;0.165264;0.197108;91;-2.05e1;-2.25e1;-1.56e1;-1.41e1;91
227;0.09308;0.071345;0.160097;0.195032;91.4;-2.06e1;-2.29e1;-1.59e1;-1.42e1;91.4
228;0.089796;0.066034;0.152582;0.189239;91.8;-2.09e1;-2.36e1;-1.63e1;-1.45e1;91.8
229;0.093854;0.06693;0.157094;0.198985;92.2;-2.06e1;-2.35e1;-1.61e1;-1.40e1;92.2
230;0.092025;0.063448;0.152063;0.196339;92.6;-2.07e1;-2.40e1;-1.64e1;-1.41e1;92.6
231;0.086595;0.057411;0.141243;0.185872;93;-2.13e1;-2.48e1;-1.70e1;-1.46e1;93
232;0.090321;0.057465;0.145235;0.19482;93.4;-2.09e1;-2.48e1;-1.68e1;-1.42e1;93.4
233;0.089741;0.054982;0.142648;0.194735;93.8;-2.09e1;-2.52e1;-1.69e1;-1.42e1;93.8
234;0.089499;0.052649;0.140898;0.195498;94.2;-2.10e1;-2.56e1;-1.70e1;-1.42e1;94.2
235;0.083579;0.047272;0.130237;0.183878;94.6;-2.16e1;-2.65e1;-1.77e1;-1.47e1;94.6
236;0.087551;0.046881;0.134399;0.193805;95;-2.12e1;-2.66e1;-1.74e1;-1.43e1;95
237;0.088357;0.045785;0.134087;0.196843;95.4;-2.11e1;-2.68e1;-1.75e1;-1.41e1;95.4
238;0.084953;0.042358;0.127561;0.190359;95.8;-2.14e1;-2.75e1;-1.79e1;-1.44e1;95.8
239;0.082246;0.039116;0.122218;0.18535;96.2;-2.17e1;-2.82e1;-1.83e1;-1.46e1;96.2
240;0.079954;0.036304;0.117745;0.180693;96.6;-2.19e1;-2.88e1;-1.86e1;-1.49e1;96.6
241;0.083755;0.036255;0.122179;0.189791;97;-2.15e1;-2.88e1;-1.83e1;-1.44e1;97
242;0.083353;0.034357;0.119948;0.189482;97.4;-2.16e1;-2.93e1;-1.84e1;-1.44e1;97.4
243;0.084572;0.033203;0.120568;0.193503;97.8;-2.15e1;-2.96e1;-1.84e1;-1.43e1;97.8
244;0.080803;0.030412;0.114182;0.186082;98.2;-2.19e1;-3.03e1;-1.88e1;-1.46e1;98.2
245;0.077626;0.027512;0.109098;0.18018;98.6;-2.22e1;-3.12e1;-1.92e1;-1.49e1;98.6
246;0.080097;0.02684;0.111547;0.187047;99;-2.19e1;-3.14e1;-1.91e1;-1.46e1;99
247;0.079648;0.025189;0.110181;0.187315;99.4;-2.20e1;-3.20e1;-1.92e1;-1.45e1;99.4
248;0.081289;0.024546;0.111565;0.192807;99.8;-2.18e1;-3.22e1;-1.90e1;-1.43e1;99.8
249;0.079185;0.022426;0.107703;0.188431;100.2;-2.20e1;-3.30e1;-1.94e1;-1.45e1;100.2
250;0.075645;0.020178;0.1018;0.17748;100.6;-2.24e1;-3.39e1;-1.98e1;-1.50e1;100.6
251;0.075345;0.018748;0.10057;0.175438;101;-2.25e1;-3.45e1;-2.00e1;-1.51e1;101
252;0.075951;0.017722;0.100792;0.178809;101.4;-2.24e1;-3.50e1;-1.99e1;-1.50e1;101.4
253;0.075228;0.016346;0.098889;0.180878;101.8;-2.25e1;-3.57e1;-2.01e1;-1.49e1;101.8
254;0.075993;0.015345;0.09905;0.183919;102.2;-2.24e1;-3.63e1;-2.01e1;-1.47e1;102.2
255;0.078203;0.014501;0.100953;0.190095;102.6;-2.21e1;-3.68e1;-1.99e1;-1.44e1;102.6
256;0.078468;0.013418;0.10065;0.19173;103;-2.21e1;-3.74e1;-1.99e1;-1.43e1;103
257;0.078048;0.01222;0.100528;0.19226;103.4;-2.22e1;-3.83e1;-2.00e1;-1.43e1;103.4
258;0.080429;0.0115;0.102929;0.199035;103.8;-2.19e1;-3.88e1;-1.97e1;-1.40e1;103.8
259;0.07748;0.009957;0.098176;0.191552;104.2;-2.22e1;-4.00e1;-2.02e1;-1.44e1;104.2
260;0.081547;0.009178;0.102856;0.201614;104.6;-2.18e1;-4.07e1;-1.98e1;-1.39e1;104.6
261;0.081811;0.008338;0.102883;0.203341;105;-2.17e1;-4.16e1;-1.98e1;-1.38e1;105
262;0.080025;0.006951;0.100548;0.200747;105.4;-2.19e1;-4.32e1;-2.00e1;-1.39e1;105.4
263;0.081607;0.006312;0.102698;0.206695;105.8;-2.18e1;-4.40e1;-1.98e1;-1.37e1;105.8
264;0.080072;0.005263;0.10027;0.203987;106.2;-2.19e1;-4.56e1;-2.00e1;-1.38e1;106.2
265;0.077699;0.004418;0.096957;0.199039;106.6;-2.22e1;-4.71e1;-2.03e1;-1.40e1;106.6
266;0.078704;0.003628;0.097956;0.202252;107;-2.21e1;-4.88e1;-2.02e1;-1.39e1;107
267;0.074988;0.003108;0.093246;0.194222;107.4;-2.25e1;-5.02e1;-2.06e1;-1.42e1;107.4
268;0.073195;0.002529;0.090738;0.189826;107.8;-2.27e1;-5.19e1;-2.08e1;-1.44e1;107.8
269;0.074644;0.002367;0.09269;0.194534;108.2;-2.25e1;-5.25e1;-2.07e1;-1.42e1;108.2
270;0.073222;0.002286;0.09097;0.192634;108.6;-2.27e1;-5.28e1;-2.08e1;-1.43e1;108.6
271;0.072032;0.002582;0.089166;0.190857;109;-2.28e1;-5.18e1;-2.10e1;-1.44e1;109
272;0.071826;0.00319;0.088893;0.190591;109.4;-2.29e1;-4.99e1;-2.10e1;-1.44e1;109.4
273;0.074808;0.004216;0.092292;0.199827;109.8;-2.25e1;-4.75e1;-2.07e1;-1.40e1;109.8
274;0.074522;0.005088;0.091256;0.199328;110.2;-2.26e1;-4.59e1;-2.08e1;-1.40e1;110.2
275;0.072686;0.005996;0.087975;0.195074;110.6;-2.28e1;-4.44e1;-2.11e1;-1.42e1;110.6
276;0.074557;0.007492;0.089226;0.201069;111;-2.26e1;-4.25e1;-2.10e1;-1.39e1;111
277;0.073424;0.008663;0.086682;0.197815;111.4;-2.27e1;-4.12e1;-2.12e1;-1.41e1;111.4
278;0.072168;0.009797;0.083312;0.194733;111.8;-2.28e1;-4.02e1;-2.16e1;-1.42e1;111.8
279;0.073867;0.011343;0.083692;0.199394;112.2;-2.26e1;-3.89e1;-2.15e1;-1.40e1;112.2
280;0.071947;0.012512;0.080294;0.19385;112.6;-2.29e1;-3.81e1;-2.19e1;-1.43e1;112.6
281;0.069821;0.013318;0.076359;0.188322;113;-2.31e1;-3.75e1;-2.23e1;-1.45e1;113
282;0.069022;0.01456;0.074336;0.187138;113.4;-2.32e1;-3.67e1;-2.26e1;-1.46e1;113.4
283;0.070304;0.015938;0.073949;0.18992;113.8;-2.31e1;-3.60e1;-2.26e1;-1.44e1;113.8
284;0.072473;0.017472;0.074597;0.195333;114.2;-2.28e1;-3.52e1;-2.25e1;-1.42e1;114.2
285;0.069999;0.01815;0.071137;0.188309;114.6;-2.31e1;-3.48e1;-2.30e1;-1.45e1;114.6
286;0.068832;0.018937;0.068655;0.184501;115;-2.32e1;-3.45e1;-2.33e1;-1.47e1;115
287;0.071001;0.020481;0.069423;0.190276;115.4;-2.30e1;-3.38e1;-2.32e1;-1.44e1;115.4
288;0.069307;0.020852;0.066458;0.186743;115.8;-2.32e1;-3.36e1;-2.35e1;-1.46e1;115.8
289;0.068305;0.021661;0.064602;0.185763;116.2;-2.33e1;-3.33e1;-2.38e1;-1.46e1;116.2
290;0.070289;0.023359;0.065673;0.191949;116.6;-2.31e1;-3.26e1;-2.37e1;-1.43e1;116.6
291;0.068604;0.023666;0.063266;0.186838;117;-2.33e1;-3.25e1;-2.40e1;-1.46e1;117
292;0.06776;0.024161;0.061913;0.184571;117.4;-2.34e1;-3.23e1;-2.42e1;-1.47e1;117.4
293;0.070205;0.025831;0.063604;0.191241;117.8;-2.31e1;-3.18e1;-2.39e1;-1.44e1;117.8
294;0.068412;0.02596;0.061606;0.185958;118.2;-2.33e1;-3.17e1;-2.42e1;-1.46e1;118.2
295;0.0674;0.026568;0.06076;0.183693;118.6;-2.34e1;-3.15e1;-2.43e1;-1.47e1;118.6
296;0.069926;0.028415;0.063077;0.190714;119;-2.31e1;-3.09e1;-2.40e1;-1.44e1;119
297;0.068705;0.028545;0.061916;0.186633;119.4;-2.33e1;-3.09e1;-2.42e1;-1.46e1;119.4
298;0.068056;0.028836;0.061428;0.183898;119.8;-2.33e1;-3.08e1;-2.42e1;-1.47e1;119.8
299;0.070404;0.030551;0.06405;0.190744;120.2;-2.30e1;-3.03e1;-2.39e1;-1.44e1;120.2
300;0.069553;0.030948;0.063972;0.188418;120.6;-2.32e1;-3.02e1;-2.39e1;-1.45e1;120.6
301;0.070425;0.031879;0.066248;0.190578;121;-2.30e1;-2.99e1;-2.36e1;-1.44e1;121
302;0.076791;0.035526;0.075107;0.20809;121.4;-2.23e1;-2.90e1;-2.25e1;-1.36e1;121.4
303;0.080327;0.03771;0.080758;0.215834;121.8;-2.19e1;-2.85e1;-2.19e1;-1.33e1;121.8
304;0.082857;0.039404;0.084773;0.222471;122.2;-2.16e1;-2.81e1;-2.14e1;-1.31e1;122.2
305;0.084251;0.040787;0.087443;0.226476;122.6;-2.15e1;-2.78e1;-2.12e1;-1.29e1;122.6
306;0.085425;0.042036;0.089424;0.229853;123;-2.14e1;-2.75e1;-2.10e1;-1.28e1;123
307;0.090964;0.045447;0.09584;0.245424;123.4;-2.08e1;-2.68e1;-2.04e1;-1.22e1;123.4
308;0.091527;0.046553;0.09729;0.248102;123.8;-2.08e1;-2.66e1;-2.02e1;-1.21e1;123.8
309;0.090068;0.046497;0.096134;0.24419;124.2;-2.09e1;-2.67e1;-2.03e1;-1.22e1;124.2
310;0.095573;0.0499;0.10241;0.258713;124.6;-2.04e1;-2.60e1;-1.98e1;-1.17e1;124.6
311;0.098425;0.052061;0.106174;0.268534;125;-2.01e1;-2.57e1;-1.95e1;-1.14e1;125
312;0.098871;0.052164;0.105882;0.267005;125.4;-2.01e1;-2.57e1;-1.95e1;-1.15e1;125.4
313;0.102327;0.055076;0.110963;0.278339;125.8;-1.98e1;-2.52e1;-1.91e1;-1.11e1;125.8
314;0.110402;0.06047;0.121324;0.30422;126.2;-1.91e1;-2.44e1;-1.83e1;-1.03e1;126.2
315;0.112101;0.061719;0.123089;0.30991;126.6;-1.90e1;-2.42e1;-1.82e1;-1.02e1;126.6
316;0.114734;0.064061;0.127109;0.321175;127;-1.88e1;-2.39e1;-1.79e1;-9.87e0;127
317;0.123847;0.069441;0.136703;0.345312;127.4;-1.81e1;-2.32e1;-1.73e1;-9.24e0;127.4
318;0.124608;0.070641;0.137233;0.345755;127.8;-1.81e1;-2.30e1;-1.73e1;-9.22e0;127.8
319;0.123178;0.07163;0.1359;0.340369;128.2;-1.82e1;-2.29e1;-1.73e1;-9.36e0;128.2
320;0.123388;0.072907;0.135062;0.338335;128.6;-1.82e1;-2.27e1;-1.74e1;-9.41e0;128.6
321;0.121546;0.073462;0.13307;0.333561;129;-1.83e1;-2.27e1;-1.75e1;-9.54e0;129
322;0.126886;0.07889;0.139712;0.350506;129.4;-1.79e1;-2.21e1;-1.71e1;-9.11e0;129.4
323;0.130897;0.084021;0.146;0.366695;129.8;-1.77e1;-2.15e1;-1.67e1;-8.71e0;129.8
324;0.128585;0.08507;0.145237;0.364627;130.2;-1.78e1;-2.14e1;-1.68e1;-8.76e0;130.2
325;0.133329;0.089511;0.150093;0.377038;130.6;-1.75e1;-2.10e1;-1.65e1;-8.47e0;130.6
326;0.144524;0.097564;0.161229;0.404571;131;-1.68e1;-2.02e1;-1.59e1;-7.86e0;131
327;0.142752;0.098317;0.159979;0.40138;131.4;-1.69e1;-2.01e1;-1.59e1;-7.93e0;131.4
328;0.140915;0.099019;0.158535;0.397424;131.8;-1.70e1;-2.01e1;-1.60e1;-8.01e0;131.8
329;0.14711;0.10468;0.165308;0.413984;132.2;-1.66e1;-1.96e1;-1.56e1;-7.66e0;132.2
330;0.143419;0.103483;0.161427;0.403925;132.6;-1.69e1;-1.97e1;-1.58e1;-7.87e0;132.6
331;0.134034;0.098308;0.151531;0.377229;133;-1.75e1;-2.01e1;-1.64e1;-8.47e0;133
332;0.134307;0.100072;0.15227;0.380552;133.4;-1.74e1;-2.00e1;-1.63e1;-8.39e0;133.4
333;0.143598;0.108746;0.163357;0.409559;133.8;-1.69e1;-1.93e1;-1.57e1;-7.75e0;133.8
334;0.142717;0.109704;0.162964;0.408432;134.2;-1.69e1;-1.92e1;-1.58e1;-7.78e0;134.2
335;0.143634;0.112076;0.164153;0.411013;134.6;-1.69e1;-1.90e1;-1.57e1;-7.72e0;134.6
336;0.152067;0.12087;0.17441;0.43621;135;-1.64e1;-1.84e1;-1.52e1;-7.21e0;135
337;0.149645;0.120609;0.172072;0.428025;135.4;-1.65e1;-1.84e1;-1.53e1;-7.37e0;135.4
338;0.141946;0.115879;0.163255;0.404647;135.8;-1.70e1;-1.87e1;-1.57e1;-7.86e0;135.8
339;0.136055;0.112473;0.156544;0.389033;136.2;-1.73e1;-1.90e1;-1.61e1;-8.20e0;136.2
340;0.142158;0.119367;0.164323;0.407092;136.6;-1.69e1;-1.85e1;-1.57e1;-7.81e0;136.6
341;0.145139;0.123601;0.168385;0.416044;137;-1.68e1;-1.82e1;-1.55e1;-7.62e0;137
342;0.151497;0.13061;0.176124;0.434234;137.4;-1.64e1;-1.77e1;-1.51e1;-7.25e0;137.4
343;0.146069;0.127695;0.170567;0.419624;137.8;-1.67e1;-1.79e1;-1.54e1;-7.54e0;137.8
344;0.136177;0.121093;0.159997;0.39241;138.2;-1.73e1;-1.83e1;-1.59e1;-8.13e0;138.2
345;0.136347;0.122864;0.16051;0.394171;138.6;-1.73e1;-1.82e1;-1.59e1;-8.09e0;138.6
346;0.146859;0.13415;0.173441;0.424346;139;-1.67e1;-1.74e1;-1.52e1;-7.45e0;139
347;0.143034;0.132395;0.169569;0.413379;139.4;-1.69e1;-1.76e1;-1.54e1;-7.67e0;139.4
348;0.139964;0.131631;0.166881;0.405043;139.8;-1.71e1;-1.76e1;-1.56e1;-7.85e0;139.8
349;0.145446;0.138678;0.17407;0.421206;140.2;-1.67e1;-1.72e1;-1.52e1;-7.51e0;140.2
350;0.141301;0.136592;0.169913;0.410325;140.6;-1.70e1;-1.73e1;-1.54e1;-7.74e0;140.6
351;0.131897;0.129065;0.15905;0.383875;141;-1.76e1;-1.78e1;-1.60e1;-8.32e0;141
352;0.135997;0.135062;0.16492;0.395063;141.4;-1.73e1;-1.74e1;-1.57e1;-8.07e0;141.4
353;0.145419;0.146282;0.177003;0.422154;141.8;-1.67e1;-1.67e1;-1.50e1;-7.49e0;141.8
354;0.141978;0.144705;0.173618;0.410606;142.2;-1.70e1;-1.68e1;-1.52e1;-7.73e0;142.2
355;0.134725;0.139469;0.165769;0.391466;142.6;-1.74e1;-1.71e1;-1.56e1;-8.15e0;142.6
356;0.136428;0.143392;0.168842;0.40148;143;-1.73e1;-1.69e1;-1.55e1;-7.93e0;143
357;0.139653;0.148526;0.173405;0.410006;143.4;-1.71e1;-1.66e1;-1.52e1;-7.74e0;143.4
358;0.134793;0.145426;0.168438;0.394369;143.8;-1.74e1;-1.67e1;-1.55e1;-8.08e0;143.8
359;0.129709;0.141987;0.163072;0.380211;144.2;-1.77e1;-1.70e1;-1.58e1;-8.40e0;144.2
360;0.134939;0.149784;0.170571;0.396441;144.6;-1.74e1;-1.65e1;-1.54e1;-8.04e0;144.6
361;0.131503;0.148267;0.167577;0.385773;145;-1.76e1;-1.66e1;-1.55e1;-8.27e0;145
362;0.121893;0.139502;0.156367;0.359191;145.4;-1.83e1;-1.71e1;-1.61e1;-8.89e0;145.4
363;0.125653;0.14608;0.162365;0.371374;145.8;-1.80e1;-1.67e1;-1.58e1;-8.60e0;145.8
364;0.13192;0.155731;0.17179;0.390205;146.2;-1.76e1;-1.62e1;-1.53e1;-8.17e0;146.2
365;0.127654;0.152802;0.167347;0.377478;146.6;-1.79e1;-1.63e1;-1.55e1;-8.46e0;146.6
366;0.120081;0.146035;0.158717;0.355977;147;-1.84e1;-1.67e1;-1.60e1;-8.97e0;147
367;0.116604;0.143774;0.154998;0.34685;147.4;-1.87e1;-1.68e1;-1.62e1;-9.20e0;147.4
368;0.120768;0.151225;0.161892;0.359213;147.8;-1.84e1;-1.64e1;-1.58e1;-8.89e0;147.8
369;0.120955;0.153777;0.163467;0.359816;148.2;-1.83e1;-1.63e1;-1.57e1;-8.88e0;148.2
370;0.123736;0.159619;0.168403;0.368318;148.6;-1.82e1;-1.59e1;-1.55e1;-8.68e0;148.6
371;0.122621;0.160337;0.16794;0.365638;149;-1.82e1;-1.59e1;-1.55e1;-8.74e0;149
372;0.119919;0.159146;0.165573;0.357724;149.4;-1.84e1;-1.60e1;-1.56e1;-8.93e0;149.4
373;0.119887;0.161501;0.166783;0.35761;149.8;-1.84e1;-1.58e1;-1.56e1;-8.93e0;149.8
374;0.125078;0.171337;0.175815;0.374484;150.2;-1.81e1;-1.53e1;-1.51e1;-8.53e0;150.2
375;0.121163;0.168762;0.172076;0.36322;150.6;-1.83e1;-1.55e1;-1.53e1;-8.80e0;150.6
376;0.1153;0.162497;0.164544;0.345576;151;-1.88e1;-1.58e1;-1.57e1;-9.23e0;151
377;0.117659;0.16841;0.169389;0.353192;151.4;-1.86e1;-1.55e1;-1.54e1;-9.04e0;151.4
378;0.126362;0.183739;0.183593;0.379879;151.8;-1.80e1;-1.47e1;-1.47e1;-8.41e0;151.8
379;0.125027;0.18457;0.183292;0.375142;152.2;-1.81e1;-1.47e1;-1.47e1;-8.52e0;152.2
380;0.117249;0.174862;0.172592;0.351536;152.6;-1.86e1;-1.51e1;-1.53e1;-9.08e0;152.6
381;0.12301;0.187127;0.183611;0.370141;153;-1.82e1;-1.46e1;-1.47e1;-8.63e0;153
382;0.132145;0.203655;0.198597;0.397293;153.4;-1.76e1;-1.38e1;-1.40e1;-8.02e0;153.4
383;0.128229;0.20138;0.195334;0.38422;153.8;-1.78e1;-1.39e1;-1.42e1;-8.31e0;153.8
384;0.117672;0.187846;0.181195;0.35316;154.2;-1.86e1;-1.45e1;-1.48e1;-9.04e0;154.2
385;0.119444;0.192707;0.184776;0.359418;154.6;-1.85e1;-1.43e1;-1.47e1;-8.89e0;154.6
386;0.120995;0.198037;0.188745;0.362903;155;-1.83e1;-1.41e1;-1.45e1;-8.80e0;155
387;0.117671;0.195299;0.185072;0.354593;155.4;-1.86e1;-1.42e1;-1.47e1;-9.01e0;155.4
388;0.118435;0.198744;0.187215;0.363066;155.8;-1.85e1;-1.40e1;-1.46e1;-8.80e0;155.8
389;0.129076;0.21957;0.205752;0.388933;156.2;-1.78e1;-1.32e1;-1.37e1;-8.20e0;156.2
390;0.124797;0.215467;0.200946;0.375853;156.6;-1.81e1;-1.33e1;-1.39e1;-8.50e0;156.6
391;0.115135;0.202501;0.187814;0.347823;157;-1.88e1;-1.39e1;-1.45e1;-9.17e0;157
392;0.117638;0.208794;0.192524;0.3549;157.4;-1.86e1;-1.36e1;-1.43e1;-9.00e0;157.4
393;0.13044;0.234306;0.21501;0.393151;157.8;-1.77e1;-1.26e1;-1.34e1;-8.11e0;157.8
394;0.127741;0.233014;0.212782;0.385421;158.2;-1.79e1;-1.27e1;-1.34e1;-8.28e0;158.2
395;0.121274;0.224077;0.203514;0.364712;158.6;-1.83e1;-1.30e1;-1.38e1;-8.76e0;158.6
396;0.123912;0.231766;0.209319;0.373131;159;-1.81e1;-1.27e1;-1.36e1;-8.56e0;159
397;0.134944;0.256276;0.230418;0.407198;159.4;-1.74e1;-1.18e1;-1.27e1;-7.80e0;159.4
398;0.130313;0.25121;0.224939;0.390864;159.8;-1.77e1;-1.20e1;-1.30e1;-8.16e0;159.8
399;0.118765;0.23217;0.206758;0.359491;160.2;-1.85e1;-1.27e1;-1.37e1;-8.89e0;160.2
400;0.122444;0.242317;0.214789;0.369684;160.6;-1.82e1;-1.23e1;-1.34e1;-8.64e0;160.6
401;0.133112;0.267622;0.236226;0.400683;161;-1.75e1;-1.14e1;-1.25e1;-7.94e0;161
402;0.129692;0.264732;0.232713;0.390808;161.4;-1.77e1;-1.15e1;-1.27e1;-8.16e0;161.4
403;0.117365;0.242872;0.212535;0.354591;161.8;-1.86e1;-1.23e1;-1.35e1;-9.01e0;161.8
404;0.121609;0.257163;0.224104;0.365389;162.2;-1.83e1;-1.18e1;-1.30e1;-8.74e0;162.2
405;0.129633;0.27902;0.242077;0.391062;162.6;-1.77e1;-1.11e1;-1.23e1;-8.16e0;162.6
406;0.126883;0.277735;0.239996;0.38251;163;-1.79e1;-1.11e1;-1.24e1;-8.35e0;163
407;0.119511;0.265767;0.228754;0.361287;163.4;-1.85e1;-1.15e1;-1.28e1;-8.84e0;163.4
408;0.120847;0.274003;0.234873;0.365326;163.8;-1.84e1;-1.12e1;-1.26e1;-8.75e0;163.8
409;0.120094;0.277522;0.237021;0.362662;164.2;-1.84e1;-1.11e1;-1.25e1;-8.81e0;164.2
410;0.120016;0.283104;0.240912;0.363491;164.6;-1.84e1;-1.10e1;-1.24e1;-8.79e0;164.6
411;0.121619;0.293513;0.248884;0.369286;165;-1.83e1;-1.06e1;-1.21e1;-8.65e0;165
412;0.128747;0.31788;0.268566;0.391179;165.4;-1.78e1;-9.95e0;-1.14e1;-8.15e0;165.4
413;0.128611;0.323302;0.272159;0.390597;165.8;-1.78e1;-9.81e0;-1.13e1;-8.17e0;165.8
414;0.123107;0.317334;0.266274;0.375591;166.2;-1.82e1;-9.97e0;-1.15e1;-8.51e0;166.2
415;0.121403;0.321361;0.268736;0.369166;166.6;-1.83e1;-9.86e0;-1.14e1;-8.66e0;166.6
416;0.123834;0.336837;0.280771;0.365762;167;-1.81e1;-9.45e0;-1.10e1;-8.74e0;167
417;0.131404;0.364156;0.302511;0.38977;167.4;-1.76e1;-8.77e0;-1.04e1;-8.18e0;167.4
418;0.125384;0.357101;0.295747;0.373014;167.8;-1.80e1;-8.94e0;-1.06e1;-8.57e0;167.8
419;0.116218;0.340405;0.281078;0.346055;168.2;-1.87e1;-9.36e0;-1.10e1;-9.22e0;168.2
420;0.118569;0.354767;0.291747;0.35791;168.6;-1.85e1;-9.00e0;-1.07e1;-8.92e0;168.6
421;0.129868;0.399532;0.327502;0.404805;169;-1.77e1;-7.97e0;-9.70e0;-7.86e0;169
422;0.125658;0.396535;0.324395;0.389433;169.4;-1.80e1;-8.03e0;-9.78e0;-8.19e0;169.4
423;0.115115;0.368022;0.300572;0.354173;169.8;-1.88e1;-8.68e0;-1.04e1;-9.02e0;169.8
424;0.120221;0.392324;0.320457;0.367505;170.2;-1.84e1;-8.13e0;-9.88e0;-8.69e0;170.2
425;0.128694;0.427568;0.350214;0.390854;170.6;-1.78e1;-7.38e0;-9.11e0;-8.16e0;170.6
426;0.127959;0.428442;0.352285;0.385132;171;-1.79e1;-7.36e0;-9.06e0;-8.29e0;171
427;0.12504;0.424885;0.351205;0.369472;171.4;-1.81e1;-7.43e0;-9.09e0;-8.65e0;171.4
428;0.12266;0.423514;0.352544;0.357751;171.8;-1.82e1;-7.46e0;-9.06e0;-8.93e0;171.8
429;0.123489;0.433682;0.363212;0.361251;172.2;-1.82e1;-7.26e0;-8.80e0;-8.84e0;172.2
430;0.135434;0.475905;0.399892;0.393424;172.6;-1.74e1;-6.45e0;-7.96e0;-8.10e0;172.6
431;0.131888;0.46975;0.395891;0.372645;173;-1.76e1;-6.56e0;-8.05e0;-8.57e0;173
432;0.1221;0.44077;0.372004;0.347525;173.4;-1.83e1;-7.12e0;-8.59e0;-9.18e0;173.4
433;0.12444;0.446846;0.377075;0.360816;173.8;-1.81e1;-7.00e0;-8.47e0;-8.85e0;173.8
434;0.126903;0.459005;0.387627;0.360583;174.2;-1.79e1;-6.76e0;-8.23e0;-8.86e0;174.2
435;0.123905;0.445696;0.376096;0.349794;174.6;-1.81e1;-7.02e0;-8.49e0;-9.12e0;174.6
436;0.128195;0.464944;0.392153;0.360191;175;-1.78e1;-6.65e0;-8.13e0;-8.87e0;175
437;0.138967;0.503403;0.424797;0.387894;175.4;-1.71e1;-5.96e0;-7.44e0;-8.23e0;175.4
438;0.137636;0.494442;0.41726;0.382429;175.8;-1.72e1;-6.12e0;-7.59e0;-8.35e0;175.8
439;0.135539;0.483081;0.406809;0.375665;176.2;-1.74e1;-6.32e0;-7.81e0;-8.50e0;176.2
440;0.133977;0.476356;0.401076;0.369595;176.6;-1.75e1;-6.44e0;-7.94e0;-8.65e0;176.6
441;0.135737;0.477851;0.401712;0.373994;177;-1.73e1;-6.41e0;-7.92e0;-8.54e0;177
442;0.150069;0.53768;0.452664;0.412269;177.4;-1.65e1;-5.39e0;-6.88e0;-7.70e0;177.4
443;0.144051;0.509285;0.430572;0.395625;177.8;-1.68e1;-5.86e0;-7.32e0;-8.05e0;177.8
444;0.129907;0.436586;0.360622;0.3585;178.2;-1.77e1;-7.20e0;-8.86e0;-8.91e0;178.2
445;0.135174;0.438773;0.350848;0.373305;178.6;-1.74e1;-7.16e0;-9.10e0;-8.56e0;178.6
446;0.143439;0.456785;0.352964;0.396102;179;-1.69e1;-6.81e0;-9.05e0;-8.04e0;179
447;0.146024;0.460558;0.347;0.403237;179.4;-1.67e1;-6.73e0;-9.19e0;-7.89e0;179.4
448;0.140515;0.426274;0.31303;0.38788;179.8;-1.70e1;-7.41e0;-1.01e1;-8.23e0;179.8
449;0.132293;0.408899;0.300168;0.365612;180.2;-1.76e1;-7.77e0;-1.05e1;-8.74e0;180.2
450;0.132847;0.415207;0.30256;0.367678;180.6;-1.75e1;-7.63e0;-1.04e1;-8.69e0;180.6
451;0.146934;0.463855;0.334976;0.404956;181;-1.67e1;-6.67e0;-9.50e0;-7.85e0;181
452;0.142713;0.455577;0.326395;0.396762;181.4;-1.69e1;-6.83e0;-9.73e0;-8.03e0;181.4
453;0.133571;0.42771;0.303674;0.383092;181.8;-1.75e1;-7.38e0;-1.04e1;-8.33e0;181.8
454;0.134154;0.436471;0.307092;0.381526;182.2;-1.74e1;-7.20e0;-1.03e1;-8.37e0;182.2
455;0.131435;0.428672;0.298296;0.363668;182.6;-1.76e1;-7.36e0;-1.05e1;-8.79e0;182.6
456;0.137067;0.448139;0.309021;0.380245;183;-1.73e1;-6.97e0;-1.02e1;-8.40e0;183
457;0.133362;0.443818;0.303742;0.369596;183.4;-1.75e1;-7.06e0;-1.03e1;-8.65e0;183.4
458;0.134423;0.448395;0.30461;0.3718;183.8;-1.74e1;-6.97e0;-1.03e1;-8.59e0;183.8
459;0.151051;0.50414;0.339331;0.41866;184.2;-1.64e1;-5.95e0;-9.39e0;-7.56e0;184.2
460;0.144673;0.486114;0.325409;0.400908;184.6;-1.68e1;-6.27e0;-9.75e0;-7.94e0;184.6
461;0.13473;0.45545;0.304825;0.371633;185;-1.74e1;-6.83e0;-1.03e1;-8.60e0;185
462;0.137448;0.467877;0.312382;0.378211;185.4;-1.72e1;-6.60e0;-1.01e1;-8.45e0;185.4
463;0.140955;0.482288;0.32113;0.385715;185.8;-1.70e1;-6.33e0;-9.87e0;-8.27e0;185.8
464;0.155865;0.530553;0.354085;0.424469;186.2;-1.61e1;-5.51e0;-9.02e0;-7.44e0;186.2
465;0.150013;0.513186;0.343051;0.405463;186.6;-1.65e1;-5.79e0;-9.29e0;-7.84e0;186.6
466;0.136129;0.463567;0.312328;0.364276;187;-1.73e1;-6.68e0;-1.01e1;-8.77e0;187
467;0.14332;0.488968;0.331828;0.381775;187.4;-1.69e1;-6.21e0;-9.58e0;-8.36e0;187.4
468;0.151619;0.517107;0.354333;0.39998;187.8;-1.64e1;-5.73e0;-9.01e0;-7.96e0;187.8
469;0.159665;0.538978;0.374305;0.417226;188.2;-1.59e1;-5.37e0;-8.54e0;-7.59e0;188.2
470;0.154317;0.520894;0.366701;0.399122;188.6;-1.62e1;-5.67e0;-8.71e0;-7.98e0;188.6
471;0.143737;0.484741;0.346923;0.366868;189;-1.68e1;-6.29e0;-9.20e0;-8.71e0;189
472;0.149891;0.500627;0.365578;0.378715;189.4;-1.65e1;-6.01e0;-8.74e0;-8.43e0;189.4
473;0.162209;0.541141;0.403051;0.40641;189.8;-1.58e1;-5.33e0;-7.89e0;-7.82e0;189.8
474;0.16465;0.543392;0.412677;0.410466;190.2;-1.57e1;-5.30e0;-7.69e0;-7.73e0;190.2
475;0.160257;0.528487;0.4097;0.394899;190.6;-1.59e1;-5.54e0;-7.75e0;-8.07e0;190.6
476;0.15328;0.505985;0.401058;0.373907;191;-1.63e1;-5.92e0;-7.94e0;-8.54e0;191
477;0.156387;0.510296;0.41161;0.378426;191.4;-1.61e1;-5.84e0;-7.71e0;-8.44e0;191.4
478;0.160403;0.5238;0.430003;0.380462;191.8;-1.59e1;-5.62e0;-7.33e0;-8.39e0;191.8
479;0.158189;0.510527;0.424534;0.376919;192.2;-1.60e1;-5.84e0;-7.44e0;-8.48e0;192.2
480;0.159625;0.516811;0.434877;0.379159;192.6;-1.59e1;-5.73e0;-7.23e0;-8.42e0;192.6
481;0.164236;0.534118;0.454797;0.385929;193;-1.57e1;-5.45e0;-6.84e0;-8.27e0;193
482;0.18178;0.579493;0.49731;0.422425;193.4;-1.48e1;-4.74e0;-6.07e0;-7.49e0;193.4
483;0.174903;0.556336;0.481656;0.400506;193.8;-1.51e1;-5.09e0;-6.35e0;-7.95e0;193.8
484;0.160791;0.502767;0.437284;0.365377;194.2;-1.59e1;-5.97e0;-7.18e0;-8.75e0;194.2
485;0.16736;0.526429;0.461018;0.378019;194.6;-1.55e1;-5.57e0;-6.73e0;-8.45e0;194.6
486;0.173302;0.543816;0.478226;0.389776;195;-1.52e1;-5.29e0;-6.41e0;-8.18e0;195
487;0.189766;0.579802;0.510533;0.425345;195.4;-1.44e1;-4.73e0;-5.84e0;-7.43e0;195.4
488;0.181539;0.552386;0.487013;0.404967;195.8;-1.48e1;-5.16e0;-6.25e0;-7.85e0;195.8
489;0.165864;0.493852;0.435598;0.369638;196.2;-1.56e1;-6.13e0;-7.22e0;-8.64e0;196.2
490;0.172316;0.510243;0.448359;0.38085;196.6;-1.53e1;-5.84e0;-6.97e0;-8.38e0;196.6
491;0.177577;0.519977;0.453898;0.391541;197;-1.50e1;-5.68e0;-6.86e0;-8.14e0;197
492;0.195022;0.554137;0.479997;0.427819;197.4;-1.42e1;-5.13e0;-6.38e0;-7.37e0;197.4
493;0.188631;0.529107;0.453047;0.410197;197.8;-1.45e1;-5.53e0;-6.88e0;-7.74e0;197.8
494;0.170356;0.462577;0.38879;0.369514;198.2;-1.54e1;-6.70e0;-8.21e0;-8.65e0;198.2
495;0.179443;0.47829;0.394979;0.387001;198.6;-1.49e1;-6.41e0;-8.07e0;-8.25e0;198.6
496;0.175553;0.459479;0.372585;0.378173;199;-1.51e1;-6.75e0;-8.58e0;-8.45e0;199
497;0.183575;0.466207;0.371167;0.391279;199.4;-1.47e1;-6.63e0;-8.61e0;-8.15e0;199.4
498;0.174926;0.433632;0.340783;0.376018;199.8;-1.51e1;-7.26e0;-9.35e0;-8.50e0;199.8
499;0.180942;0.433652;0.336855;0.385833;200.2;-1.48e1;-7.26e0;-9.45e0;-8.27e0;200.2
500;0.1957;0.460189;0.353373;0.408319;200.6;-1.42e1;-6.74e0;-9.04e0;-7.78e0;200.6
501;0.199506;0.458517;0.345355;0.413627;201;-1.40e1;-6.77e0;-9.23e0;-7.67e0;201
502;0.189573;0.422121;0.311735;0.392053;201.4;-1.44e1;-7.49e0;-1.01e1;-8.13e0;201.4
503;0.175581;0.382208;0.278561;0.362788;201.8;-1.51e1;-8.35e0;-1.11e1;-8.81e0;201.8
504;0.182543;0.391451;0.281906;0.377703;202.2;-1.48e1;-8.15e0;-1.10e1;-8.46e0;202.2
505;0.191909;0.407278;0.290122;0.402132;202.6;-1.43e1;-7.80e0;-1.07e1;-7.91e0;202.6
506;0.202521;0.423277;0.298541;0.425631;203;-1.39e1;-7.47e0;-1.05e1;-7.42e0;203
507;0.191781;0.393393;0.274732;0.399456;203.4;-1.43e1;-8.10e0;-1.12e1;-7.97e0;203.4
508;0.174328;0.349881;0.24116;0.362945;203.8;-1.52e1;-9.12e0;-1.24e1;-8.80e0;203.8
509;0.180409;0.360025;0.247562;0.375685;204.2;-1.49e1;-8.87e0;-1.21e1;-8.50e0;204.2
510;0.180023;0.356849;0.245128;0.374287;204.6;-1.49e1;-8.95e0;-1.22e1;-8.54e0;204.6
511;0.206598;0.404498;0.276889;0.428809;205;-1.37e1;-7.86e0;-1.12e1;-7.35e0;205
512;0.197275;0.382499;0.260952;0.40759;205.4;-1.41e1;-8.35e0;-1.17e1;-7.80e0;205.4
513;0.183644;0.352303;0.239624;0.379592;205.8;-1.47e1;-9.06e0;-1.24e1;-8.41e0;205.8
514;0.181112;0.345031;0.233974;0.373469;206.2;-1.48e1;-9.24e0;-1.26e1;-8.55e0;206.2
515;0.183933;0.347255;0.234809;0.379761;206.6;-1.47e1;-9.19e0;-1.26e1;-8.41e0;206.6
516;0.204553;0.384462;0.259235;0.422953;207;-1.38e1;-8.30e0;-1.17e1;-7.47e0;207
517;0.197603;0.369809;0.248837;0.409452;207.4;-1.41e1;-8.64e0;-1.21e1;-7.76e0;207.4
518;0.189955;0.35276;0.23685;0.393248;207.8;-1.44e1;-9.05e0;-1.25e1;-8.11e0;207.8
519;0.177985;0.32952;0.220716;0.365048;208.2;-1.50e1;-9.64e0;-1.31e1;-8.75e0;208.2
520;0.182828;0.33535;0.224128;0.380584;208.6;-1.48e1;-9.49e0;-1.30e1;-8.39e0;208.6
521;0.197165;0.358052;0.239317;0.415034;209;-1.41e1;-8.92e0;-1.24e1;-7.64e0;209
522;0.211501;0.380848;0.254565;0.44183;209.4;-1.35e1;-8.38e0;-1.19e1;-7.09e0;209.4
523;0.20199;0.361989;0.241985;0.418813;209.8;-1.39e1;-8.83e0;-1.23e1;-7.56e0;209.8
524;0.182293;0.322052;0.215234;0.377822;210.2;-1.48e1;-9.84e0;-1.33e1;-8.45e0;210.2
525;0.191836;0.335349;0.224111;0.395516;210.6;-1.43e1;-9.49e0;-1.30e1;-8.06e0;210.6
526;0.19077;0.330877;0.220616;0.391259;211;-1.44e1;-9.61e0;-1.31e1;-8.15e0;211
527;0.218723;0.375645;0.249719;0.447632;211.4;-1.32e1;-8.50e0;-1.21e1;-6.98e0;211.4
528;0.213972;0.365438;0.242898;0.4372;211.8;-1.34e1;-8.74e0;-1.23e1;-7.19e0;211.8
529;0.198945;0.334031;0.222023;0.406392;212.2;-1.40e1;-9.52e0;-1.31e1;-7.82e0;212.2
530;0.191824;0.317986;0.211006;0.390848;212.6;-1.43e1;-9.95e0;-1.35e1;-8.16e0;212.6
531;0.195502;0.31895;0.211411;0.396916;213;-1.42e1;-9.93e0;-1.35e1;-8.03e0;213
532;0.2034;0.327756;0.217099;0.41086;213.4;-1.38e1;-9.69e0;-1.33e1;-7.73e0;213.4
533;0.201476;0.320124;0.212068;0.406245;213.8;-1.39e1;-9.89e0;-1.35e1;-7.82e0;213.8
534;0.196183;0.307964;0.204101;0.394473;214.2;-1.41e1;-1.02e1;-1.38e1;-8.08e0;214.2
535;0.197865;0.303958;0.201347;0.394891;214.6;-1.41e1;-1.03e1;-1.39e1;-8.07e0;214.6
536;0.220723;0.333826;0.221329;0.437559;215;-1.31e1;-9.53e0;-1.31e1;-7.18e0;215
537;0.21524;0.321029;0.212728;0.425243;215.4;-1.33e1;-9.87e0;-1.34e1;-7.43e0;215.4
538;0.208335;0.307401;0.203591;0.408832;215.8;-1.36e1;-1.02e1;-1.38e1;-7.77e0;215.8
539;0.197015;0.287606;0.19029;0.384097;216.2;-1.41e1;-1.08e1;-1.44e1;-8.31e0;216.2
540;0.204292;0.293117;0.194055;0.39688;216.6;-1.38e1;-1.07e1;-1.42e1;-8.03e0;216.6
541;0.20687;0.291984;0.193417;0.400671;217;-1.37e1;-1.07e1;-1.43e1;-7.94e0;217
542;0.233544;0.324777;0.214937;0.451158;217.4;-1.26e1;-9.77e0;-1.34e1;-6.91e0;217.4
543;0.223553;0.307616;0.203507;0.42352;217.8;-1.30e1;-1.02e1;-1.38e1;-7.46e0;217.8
544;0.205049;0.278517;0.184358;0.386188;218.2;-1.38e1;-1.11e1;-1.47e1;-8.26e0;218.2
545;0.20401;0.274257;0.18151;0.384177;218.6;-1.38e1;-1.12e1;-1.48e1;-8.31e0;218.6
546;0.207218;0.273814;0.181183;0.390905;219;-1.37e1;-1.13e1;-1.48e1;-8.16e0;219
547;0.223476;0.290904;0.192812;0.419068;219.4;-1.30e1;-1.07e1;-1.43e1;-7.55e0;219.4
548;0.227976;0.292395;0.193867;0.423457;219.8;-1.28e1;-1.07e1;-1.42e1;-7.46e0;219.8
549;0.219467;0.27816;0.184358;0.407587;220.2;-1.32e1;-1.11e1;-1.47e1;-7.80e0;220.2
550;0.196134;0.245238;0.162478;0.364651;220.6;-1.41e1;-1.22e1;-1.58e1;-8.76e0;220.6
551;0.211456;0.261297;0.173121;0.391075;221;-1.35e1;-1.17e1;-1.52e1;-8.15e0;221
552;0.208595;0.254891;0.168929;0.378714;221.4;-1.36e1;-1.19e1;-1.54e1;-8.43e0;221.4
553;0.219762;0.264397;0.175234;0.377153;221.8;-1.32e1;-1.16e1;-1.51e1;-8.47e0;221.8
554;0.20891;0.247267;0.16391;0.377985;222.2;-1.36e1;-1.21e1;-1.57e1;-8.45e0;222.2
555;0.208044;0.243015;0.161333;0.403351;222.6;-1.36e1;-1.23e1;-1.58e1;-7.89e0;222.6
556;0.207829;0.239037;0.1588;0.401025;223;-1.36e1;-1.24e1;-1.60e1;-7.94e0;223
557;0.241866;0.275109;0.182753;0.454132;223.4;-1.23e1;-1.12e1;-1.48e1;-6.86e0;223.4
558;0.229585;0.258523;0.171798;0.418775;223.8;-1.28e1;-1.18e1;-1.53e1;-7.56e0;223.8
559;0.217335;0.241079;0.160213;0.388058;224.2;-1.33e1;-1.24e1;-1.59e1;-8.22e0;224.2
560;0.206016;0.225399;0.149835;0.359112;224.6;-1.37e1;-1.29e1;-1.65e1;-8.90e0;224.6
561;0.213083;0.229704;0.152759;0.366599;225;-1.34e1;-1.28e1;-1.63e1;-8.72e0;225
562;0.222078;0.236245;0.157199;0.382649;225.4;-1.31e1;-1.25e1;-1.61e1;-8.34e0;225.4
563;0.248389;0.260409;0.173339;0.425396;225.8;-1.21e1;-1.17e1;-1.52e1;-7.42e0;225.8
564;0.237323;0.246091;0.163853;0.404053;226.2;-1.25e1;-1.22e1;-1.57e1;-7.87e0;226.2
565;0.219707;0.224462;0.149568;0.37228;226.6;-1.32e1;-1.30e1;-1.65e1;-8.58e0;226.6
566;0.215202;0.216874;0.144686;0.36156;227;-1.33e1;-1.33e1;-1.68e1;-8.84e0;227
567;0.219989;0.218229;0.145662;0.368905;227.4;-1.32e1;-1.32e1;-1.67e1;-8.66e0;227.4
568;0.237304;0.232;0.154886;0.395013;227.8;-1.25e1;-1.27e1;-1.62e1;-8.07e0;227.8
569;0.257508;0.247974;0.165667;0.42112;228.2;-1.18e1;-1.21e1;-1.56e1;-7.51e0;228.2
570;0.247096;0.234717;0.156978;0.400539;228.6;-1.21e1;-1.26e1;-1.61e1;-7.95e0;228.6
571;0.225553;0.210719;0.140986;0.366027;229;-1.29e1;-1.35e1;-1.70e1;-8.73e0;229
572;0.227683;0.209542;0.140325;0.366324;229.4;-1.29e1;-1.36e1;-1.71e1;-8.72e0;229.4
573;0.233991;0.212043;0.142107;0.372942;229.8;-1.26e1;-1.35e1;-1.69e1;-8.57e0;229.8
574;0.241513;0.215992;0.144893;0.383772;230.2;-1.23e1;-1.33e1;-1.68e1;-8.32e0;230.2
575;0.239644;0.210862;0.141466;0.379864;230.6;-1.24e1;-1.35e1;-1.70e1;-8.41e0;230.6
576;0.230323;0.199564;0.133833;0.357684;231;-1.28e1;-1.40e1;-1.75e1;-8.93e0;231
577;0.235776;0.200619;0.134643;0.361236;231.4;-1.26e1;-1.40e1;-1.74e1;-8.84e0;231.4
578;0.258229;0.216227;0.14531;0.391677;231.8;-1.18e1;-1.33e1;-1.68e1;-8.14e0;231.8
579;0.278771;0.22966;0.154384;0.418859;232.2;-1.11e1;-1.28e1;-1.62e1;-7.56e0;232.2
580;0.263002;0.213662;0.143728;0.391311;232.6;-1.16e1;-1.34e1;-1.68e1;-8.15e0;232.6
581;0.243637;0.194473;0.130896;0.359533;233;-1.23e1;-1.42e1;-1.77e1;-8.89e0;233
582;0.244497;0.191841;0.129184;0.356396;233.4;-1.22e1;-1.43e1;-1.78e1;-8.96e0;233.4
583;0.251117;0.193237;0.130225;0.362988;233.8;-1.20e1;-1.43e1;-1.77e1;-8.80e0;233.8
584;0.273218;0.206793;0.139547;0.390524;234.2;-1.13e1;-1.37e1;-1.71e1;-8.17e0;234.2
585;0.295849;0.220524;0.1489;0.419388;234.6;-1.06e1;-1.31e1;-1.65e1;-7.55e0;234.6
586;0.281153;0.206744;0.139657;0.394382;235;-1.10e1;-1.37e1;-1.71e1;-8.08e0;235
587;0.260915;0.188346;0.127327;0.36223;235.4;-1.17e1;-1.45e1;-1.79e1;-8.82e0;235.4
588;0.260032;0.184391;0.124778;0.355769;235.8;-1.17e1;-1.47e1;-1.81e1;-8.98e0;235.8
589;0.266444;0.185554;0.125707;0.361017;236.2;-1.15e1;-1.46e1;-1.80e1;-8.85e0;236.2
590;0.287182;0.196472;0.133291;0.383162;236.6;-1.08e1;-1.41e1;-1.75e1;-8.33e0;236.6
591;0.316359;0.212378;0.144086;0.418758;237;-1.00e1;-1.35e1;-1.68e1;-7.56e0;237
592;0.305329;0.201404;0.136676;0.399285;237.4;-1.03e1;-1.39e1;-1.73e1;-7.97e0;237.4
593;0.285647;0.185039;0.12569;0.369015;237.8;-1.09e1;-1.47e1;-1.80e1;-8.66e0;237.8
594;0.280897;0.178966;0.121696;0.358135;238.2;-1.10e1;-1.49e1;-1.83e1;-8.92e0;238.2
595;0.289436;0.18116;0.123334;0.364758;238.6;-1.08e1;-1.48e1;-1.82e1;-8.76e0;238.6
596;0.304459;0.186951;0.127475;0.376764;239;-1.03e1;-1.46e1;-1.79e1;-8.48e0;239
597;0.345549;0.208101;0.141996;0.426084;239.4;-9.23e0;-1.36e1;-1.70e1;-7.41e0;239.4
598;0.329679;0.194775;0.133054;0.404249;239.8;-9.64e0;-1.42e1;-1.75e1;-7.87e0;239.8
599;0.307955;0.178507;0.12212;0.36966;240.2;-1.02e1;-1.50e1;-1.83e1;-8.64e0;240.2
600;0.300771;0.171218;0.117167;0.350785;240.6;-1.04e1;-1.53e1;-1.86e1;-9.10e0;240.6
601;0.317042;0.177089;0.121296;0.365539;241;-9.98e0;-1.50e1;-1.83e1;-8.74e0;241
602;0.328119;0.179356;0.122965;0.373868;241.4;-9.68e0;-1.49e1;-1.82e1;-8.55e0;241.4
603;0.385757;0.206612;0.141827;0.437156;241.8;-8.27e0;-1.37e1;-1.70e1;-7.19e0;241.8
604;0.378336;0.198762;0.136597;0.421056;242.2;-8.44e0;-1.40e1;-1.73e1;-7.51e0;242.2
605;0.359913;0.185394;0.127549;0.394298;242.6;-8.88e0;-1.46e1;-1.79e1;-8.08e0;242.6
606;0.32536;0.163792;0.112845;0.348187;243;-9.75e0;-1.57e1;-1.90e1;-9.16e0;243
607;0.35555;0.174969;0.120732;0.375867;243.4;-8.98e0;-1.51e1;-1.84e1;-8.50e0;243.4
608;0.362189;0.174421;0.120539;0.375848;243.8;-8.82e0;-1.52e1;-1.84e1;-8.50e0;243.8
609;0.387722;0.182799;0.1265;0.395873;244.2;-8.23e0;-1.48e1;-1.80e1;-8.05e0;244.2
610;0.371731;0.171736;0.119028;0.374401;244.6;-8.60e0;-1.53e1;-1.85e1;-8.53e0;244.6
611;0.368359;0.16716;0.116044;0.365863;245;-8.67e0;-1.55e1;-1.87e1;-8.73e0;245
612;0.373778;0.165236;0.114895;0.364312;245.4;-8.55e0;-1.56e1;-1.88e1;-8.77e0;245.4
613;0.431496;0.181654;0.126459;0.402102;245.8;-7.30e0;-1.48e1;-1.80e1;-7.91e0;245.8
614;0.456417;0.191065;0.133211;0.425822;246.2;-6.81e0;-1.44e1;-1.75e1;-7.42e0;246.2
615;0.427471;0.18075;0.126318;0.403362;246.6;-7.38e0;-1.49e1;-1.80e1;-7.89e0;246.6
616;0.376673;0.162997;0.114154;0.367404;247;-8.48e0;-1.58e1;-1.89e1;-8.70e0;247
617;0.354907;0.158778;0.111347;0.359867;247.4;-9.00e0;-1.60e1;-1.91e1;-8.88e0;247.4
618;0.342458;0.159481;0.111956;0.365049;247.8;-9.31e0;-1.59e1;-1.90e1;-8.75e0;247.8
619;0.361947;0.165713;0.116583;0.377728;248.2;-8.83e0;-1.56e1;-1.87e1;-8.46e0;248.2
620;0.414981;0.185182;0.130542;0.433926;248.6;-7.64e0;-1.46e1;-1.77e1;-7.25e0;248.6
621;0.405897;0.177391;0.125266;0.39716;249;-7.83e0;-1.50e1;-1.80e1;-8.02e0;249
622;0.378497;0.163125;0.1154;0.361456;249.4;-8.44e0;-1.57e1;-1.88e1;-8.84e0;249.4
623;0.347546;0.146907;0.104139;0.362097;249.8;-9.18e0;-1.67e1;-1.96e1;-8.82e0;249.8
624;0.376872;0.156404;0.11109;0.393178;250.2;-8.48e0;-1.61e1;-1.91e1;-8.11e0;250.2
625;0.385183;0.156823;0.111629;0.384219;250.6;-8.29e0;-1.61e1;-1.90e1;-8.31e0;250.6
626;0.40701;0.16277;0.116115;0.389377;251;-7.81e0;-1.58e1;-1.87e1;-8.19e0;251
627;0.385126;0.151377;0.108162;0.356557;251.4;-8.29e0;-1.64e1;-1.93e1;-8.96e0;251.4
628;0.381883;0.146815;0.10514;0.346543;251.8;-8.36e0;-1.67e1;-1.96e1;-9.20e0;251.8
629;0.389991;0.146837;0.105376;0.357897;252.2;-8.18e0;-1.67e1;-1.95e1;-8.92e0;252.2
630;0.432217;0.158929;0.114235;0.38817;252.6;-7.29e0;-1.60e1;-1.88e1;-8.22e0;252.6
631;0.474906;0.17162;0.123621;0.418665;253;-6.47e0;-1.53e1;-1.82e1;-7.56e0;253
632;0.45678;0.161787;0.116768;0.395224;253.4;-6.81e0;-1.58e1;-1.87e1;-8.06e0;253.4
633;0.422113;0.146489;0.105938;0.361419;253.8;-7.49e0;-1.67e1;-1.95e1;-8.84e0;253.8
634;0.404076;0.136552;0.098996;0.337523;254.2;-7.87e0;-1.73e1;-2.01e1;-9.43e0;254.2
635;0.425647;0.140714;0.102218;0.351085;254.6;-7.42e0;-1.70e1;-1.98e1;-9.09e0;254.6
636;0.431303;0.139294;0.101434;0.348209;255;-7.30e0;-1.71e1;-1.99e1;-9.16e0;255
637;0.511773;0.160555;0.117216;0.399523;255.4;-5.82e0;-1.59e1;-1.86e1;-7.97e0;255.4
638;0.514287;0.15805;0.115598;0.399786;255.8;-5.78e0;-1.60e1;-1.87e1;-7.96e0;255.8
639;0.507867;0.151495;0.110934;0.381384;256.2;-5.89e0;-1.64e1;-1.91e1;-8.37e0;256.2
640;0.467614;0.136265;0.100103;0.346056;256.6;-6.60e0;-1.73e1;-2.00e1;-9.22e0;256.6
641;0.482175;0.136562;0.100637;0.348;257;-6.34e0;-1.73e1;-1.99e1;-9.17e0;257
642;0.497506;0.137868;0.101865;0.353437;257.4;-6.06e0;-1.72e1;-1.98e1;-9.03e0;257.4
643;0.539318;0.144502;0.107062;0.370712;257.8;-5.36e0;-1.68e1;-1.94e1;-8.62e0;257.8
644;0.61138;0.159695;0.118544;0.412603;258.2;-4.27e0;-1.59e1;-1.85e1;-7.69e0;258.2
645;0.590206;0.149268;0.11103;0.38721;258.6;-4.58e0;-1.65e1;-1.91e1;-8.24e0;258.6
646;0.561768;0.138517;0.103281;0.361792;259;-5.01e0;-1.72e1;-1.97e1;-8.83e0;259
647;0.528622;0.12613;0.094359;0.329539;259.4;-5.54e0;-1.80e1;-2.05e1;-9.64e0;259.4
648;0.560037;0.131513;0.098609;0.346281;259.8;-5.04e0;-1.76e1;-2.01e1;-9.21e0;259.8
649;0.552574;0.127319;0.095672;0.338265;260.2;-5.15e0;-1.79e1;-2.04e1;-9.41e0;260.2
650;0.647563;0.144056;0.108464;0.383441;260.6;-3.77e0;-1.68e1;-1.93e1;-8.33e0;260.6
651;0.69574;0.151873;0.114635;0.407283;261;-3.15e0;-1.64e1;-1.88e1;-7.80e0;261
652;0.690478;0.145858;0.110405;0.391799;261.4;-3.22e0;-1.67e1;-1.91e1;-8.14e0;261.4
653;0.634747;0.131385;0.099775;0.355145;261.8;-3.95e0;-1.76e1;-2.00e1;-8.99e0;261.8
654;0.622555;0.124259;0.094631;0.336125;262.2;-4.12e0;-1.81e1;-2.05e1;-9.47e0;262.2
655;0.674803;0.132623;0.101307;0.362578;262.6;-3.42e0;-1.75e1;-1.99e1;-8.81e0;262.6
656;0.703067;0.134165;0.102735;0.36902;263;-3.06e0;-1.74e1;-1.98e1;-8.66e0;263
657;0.743811;0.140577;0.107938;0.389985;263.4;-2.57e0;-1.70e1;-1.93e1;-8.18e0;263.4
658;0.697015;0.131046;0.100946;0.367786;263.8;-3.14e0;-1.77e1;-1.99e1;-8.69e0;263.8
659;0.68401;0.126036;0.097338;0.355323;264.2;-3.30e0;-1.80e1;-2.02e1;-8.99e0;264.2
660;0.687146;0.126586;0.098154;0.360879;264.6;-3.26e0;-1.80e1;-2.02e1;-8.85e0;264.6
661;0.72587;0.132046;0.102753;0.382174;265;-2.78e0;-1.76e1;-1.98e1;-8.35e0;265
662;0.812431;0.148398;0.115716;0.423594;265.4;-1.80e0;-1.66e1;-1.87e1;-7.46e0;265.4
663;0.770237;0.139661;0.109219;0.412648;265.8;-2.27e0;-1.71e1;-1.92e1;-7.69e0;265.8
664;0.710735;0.130326;0.102181;0.393134;266.2;-2.97e0;-1.77e1;-1.98e1;-8.11e0;266.2
665;0.624968;0.115889;0.091458;0.34207;266.6;-4.08e0;-1.87e1;-2.08e1;-9.32e0;266.6
666;0.646946;0.119397;0.094937;0.351439;267;-3.78e0;-1.85e1;-2.05e1;-9.08e0;267
667;0.640252;0.119521;0.095146;0.3597;267.4;-3.87e0;-1.85e1;-2.04e1;-8.88e0;267.4
668;0.691069;0.129049;0.103057;0.393158;267.8;-3.21e0;-1.78e1;-1.97e1;-8.11e0;267.8
669;0.742392;0.140539;0.112756;0.431889;268.2;-2.59e0;-1.70e1;-1.90e1;-7.29e0;268.2
670;0.701475;0.133206;0.106964;0.415338;268.6;-3.08e0;-1.75e1;-1.94e1;-7.63e0;268.6
671;0.632968;0.121493;0.097718;0.391228;269;-3.97e0;-1.83e1;-2.02e1;-8.15e0;269
672;0.552756;0.107277;0.086685;0.35177;269.4;-5.15e0;-1.94e1;-2.12e1;-9.07e0;269.4
673;0.577646;0.112863;0.091408;0.356043;269.8;-4.77e0;-1.89e1;-2.08e1;-8.97e0;269.8
674;0.558654;0.110617;0.089987;0.351471;270.2;-5.06e0;-1.91e1;-2.09e1;-9.08e0;270.2
675;0.613614;0.122295;0.099905;0.396423;270.6;-4.24e0;-1.83e1;-2.00e1;-8.04e0;270.6
676;0.648206;0.131107;0.107624;0.429831;271;-3.77e0;-1.76e1;-1.94e1;-7.33e0;271
677;0.618216;0.125126;0.103108;0.413248;271.4;-4.18e0;-1.81e1;-1.97e1;-7.68e0;271.4
678;0.56305;0.11528;0.095375;0.383232;271.8;-4.99e0;-1.88e1;-2.04e1;-8.33e0;271.8
679;0.494874;0.102255;0.085081;0.343386;272.2;-6.11e0;-1.98e1;-2.14e1;-9.28e0;272.2
680;0.509774;0.107052;0.089551;0.361326;272.6;-5.85e0;-1.94e1;-2.10e1;-8.84e0;272.6
681;0.503226;0.106776;0.089717;0.365139;273;-5.96e0;-1.94e1;-2.09e1;-8.75e0;273
682;0.543925;0.116083;0.097809;0.399967;273.4;-5.29e0;-1.87e1;-2.02e1;-7.96e0;273.4
683;0.520499;0.112025;0.094772;0.390087;273.8;-5.67e0;-1.90e1;-2.05e1;-8.18e0;273.8
684;0.45751;0.098821;0.084035;0.347057;274.2;-6.79e0;-2.01e1;-2.15e1;-9.19e0;274.2
685;0.463989;0.101763;0.087011;0.360895;274.6;-6.67e0;-1.98e1;-2.12e1;-8.85e0;274.6
686;0.46652;0.103482;0.089121;0.371591;275;-6.62e0;-1.97e1;-2.10e1;-8.60e0;275
687;0.522464;0.116157;0.100558;0.42003;275.4;-5.64e0;-1.87e1;-2.00e1;-7.53e0;275.4
688;0.537569;0.120484;0.104805;0.440473;275.8;-5.39e0;-1.84e1;-1.96e1;-7.12e0;275.8
689;0.504801;0.113726;0.099411;0.419223;276.2;-5.94e0;-1.89e1;-2.01e1;-7.55e0;276.2
690;0.44715;0.1015;0.089301;0.378735;276.6;-6.99e0;-1.99e1;-2.10e1;-8.43e0;276.6
691;0.400996;0.091546;0.081064;0.346262;277;-7.94e0;-2.08e1;-2.18e1;-9.21e0;277
692;0.418128;0.095985;0.085427;0.366234;277.4;-7.57e0;-2.04e1;-2.14e1;-8.72e0;277.4
693;0.407551;0.09418;0.08441;0.364509;277.8;-7.80e0;-2.05e1;-2.15e1;-8.77e0;277.8
694;0.448598;0.103997;0.09387;0.406239;278.2;-6.96e0;-1.97e1;-2.05e1;-7.82e0;278.2
695;0.471828;0.110382;0.100086;0.436058;278.6;-6.52e0;-1.91e1;-2.00e1;-7.21e0;278.6
696;0.446128;0.104816;0.095566;0.417626;279;-7.01e0;-1.96e1;-2.04e1;-7.58e0;279
697;0.403162;0.095333;0.08746;0.383986;279.4;-7.89e0;-2.04e1;-2.12e1;-8.31e0;279.4
698;0.357467;0.084965;0.078499;0.347136;279.8;-8.94e0;-2.14e1;-2.21e1;-9.19e0;279.8
699;0.368909;0.087897;0.081733;0.363353;280.2;-8.66e0;-2.11e1;-2.18e1;-8.79e0;280.2
700;0.36959;0.08876;0.083013;0.372495;280.6;-8.65e0;-2.10e1;-2.16e1;-8.58e0;280.6
701;0.394769;0.0952;0.089564;0.402639;281;-8.07e0;-2.04e1;-2.10e1;-7.90e0;281
702;0.376033;0.091174;0.086346;0.389613;281.4;-8.50e0;-2.08e1;-2.13e1;-8.19e0;281.4
703;0.327153;0.07992;0.076144;0.345335;281.8;-9.70e0;-2.19e1;-2.24e1;-9.24e0;281.8
704;0.333844;0.081965;0.078612;0.355893;282.2;-9.53e0;-2.17e1;-2.21e1;-8.97e0;282.2
705;0.334343;0.082693;0.079854;0.363619;282.6;-9.52e0;-2.17e1;-2.20e1;-8.79e0;282.6
706;0.353511;0.087784;0.085357;0.389174;283;-9.03e0;-2.11e1;-2.14e1;-8.20e0;283
707;0.380865;0.09551;0.093503;0.428345;283.4;-8.38e0;-2.04e1;-2.06e1;-7.36e0;283.4
708;0.353675;0.089272;0.087961;0.406066;283.8;-9.03e0;-2.10e1;-2.11e1;-7.83e0;283.8
709;0.326905;0.083163;0.082437;0.376564;284.2;-9.71e0;-2.16e1;-2.17e1;-8.48e0;284.2
710;0.293814;0.075336;0.07524;0.350183;284.6;-1.06e1;-2.25e1;-2.25e1;-9.11e0;284.6
711;0.292082;0.075178;0.075624;0.352445;285;-1.07e1;-2.25e1;-2.24e1;-9.06e0;285
712;0.29024;0.075292;0.076282;0.342637;285.4;-1.07e1;-2.25e1;-2.24e1;-9.30e0;285.4
713;0.301066;0.078776;0.08042;0.356615;285.8;-1.04e1;-2.21e1;-2.19e1;-8.96e0;285.8
714;0.335922;0.088547;0.090961;0.401766;286.2;-9.48e0;-2.11e1;-2.08e1;-7.92e0;286.2
715;0.315867;0.084075;0.086827;0.391296;286.6;-1.00e1;-2.15e1;-2.12e1;-8.15e0;286.6
716;0.301132;0.080619;0.083743;0.384052;287;-1.04e1;-2.19e1;-2.15e1;-8.31e0;287
717;0.264387;0.071387;0.074694;0.352102;287.4;-1.16e1;-2.29e1;-2.25e1;-9.07e0;287.4
718;0.248511;0.067624;0.071275;0.359284;287.8;-1.21e1;-2.34e1;-2.29e1;-8.89e0;287.8
719;0.255341;0.070018;0.074301;0.379084;288.2;-1.19e1;-2.31e1;-2.26e1;-8.43e0;288.2
720;0.258091;0.071322;0.076245;0.328265;288.6;-1.18e1;-2.29e1;-2.24e1;-9.68e0;288.6
721;0.284556;0.079049;0.085143;0.374304;289;-1.09e1;-2.20e1;-2.14e1;-8.54e0;289
722;0.293925;0.082294;0.089285;0.444099;289.4;-1.06e1;-2.17e1;-2.10e1;-7.05e0;289.4
723;0.277518;0.078311;0.085617;0.399505;289.8;-1.11e1;-2.21e1;-2.13e1;-7.97e0;289.8
724;0.25193;0.071542;0.078731;0.36653;290.2;-1.20e1;-2.29e1;-2.21e1;-8.72e0;290.2
725;0.228669;0.065113;0.07221;0.340581;290.6;-1.28e1;-2.37e1;-2.28e1;-9.36e0;290.6
726;0.235689;0.066917;0.074818;0.352772;291;-1.26e1;-2.35e1;-2.25e1;-9.05e0;291
727;0.23194;0.066242;0.074647;0.351656;291.4;-1.27e1;-2.36e1;-2.25e1;-9.08e0;291.4
728;0.241943;0.069204;0.078632;0.369525;291.8;-1.23e1;-2.32e1;-2.21e1;-8.65e0;291.8
729;0.270264;0.077547;0.088682;0.416921;292.2;-1.14e1;-2.22e1;-2.10e1;-7.60e0;292.2
730;0.254675;0.07305;0.08412;0.396776;292.6;-1.19e1;-2.27e1;-2.15e1;-8.03e0;292.6
731;0.247471;0.071362;0.082805;0.386403;293;-1.21e1;-2.29e1;-2.16e1;-8.26e0;293
732;0.218639;0.063589;0.074335;0.345531;293.4;-1.32e1;-2.39e1;-2.26e1;-9.23e0;293.4
733;0.207189;0.06079;0.071654;0.331854;293.8;-1.37e1;-2.43e1;-2.29e1;-9.58e0;293.8
734;0.211488;0.062382;0.07405;0.343163;294.2;-1.35e1;-2.41e1;-2.26e1;-9.29e0;294.2
735;0.20932;0.062147;0.074395;0.345955;294.6;-1.36e1;-2.41e1;-2.26e1;-9.22e0;294.6
736;0.233338;0.069791;0.084109;0.390034;295;-1.26e1;-2.31e1;-2.15e1;-8.18e0;295
737;0.246168;0.074046;0.089859;0.41637;295.4;-1.22e1;-2.26e1;-2.09e1;-7.61e0;295.4
738;0.238397;0.072261;0.088367;0.406884;295.8;-1.25e1;-2.28e1;-2.11e1;-7.81e0;295.8
739;0.217579;0.066353;0.081831;0.376889;296.2;-1.32e1;-2.36e1;-2.17e1;-8.48e0;296.2
740;0.192323;0.058967;0.073466;0.339072;296.6;-1.43e1;-2.46e1;-2.27e1;-9.39e0;296.6
741;0.188772;0.05814;0.073055;0.337332;297;-1.45e1;-2.47e1;-2.27e1;-9.44e0;297
742;0.195136;0.060421;0.076433;0.352652;297.4;-1.42e1;-2.44e1;-2.23e1;-9.05e0;297.4
743;0.20501;0.064056;0.081695;0.368326;297.8;-1.38e1;-2.39e1;-2.18e1;-8.68e0;297.8
744;0.21149;0.06635;0.085293;0.405823;298.2;-1.35e1;-2.36e1;-2.14e1;-7.83e0;298.2
745;0.190659;0.060032;0.077852;0.357014;298.6;-1.44e1;-2.44e1;-2.22e1;-8.95e0;298.6
746;0.179148;0.05672;0.074229;0.313278;299;-1.49e1;-2.49e1;-2.26e1;-1.01e1;299
747;0.185808;0.059009;0.077966;0.418292;299.4;-1.46e1;-2.46e1;-2.22e1;-7.57e0;299.4
748;0.190343;0.060525;0.08084;0.461484;299.8;-1.44e1;-2.44e1;-2.18e1;-6.72e0;299.8
749;0.205065;0.065597;0.088431;0.411032;300.2;-1.38e1;-2.37e1;-2.11e1;-7.72e0;300.2
750;0.212157;0.067963;0.092388;0.374552;300.6;-1.35e1;-2.34e1;-2.07e1;-8.53e0;300.6
751;0.201015;0.064615;0.088526;0.363938;301;-1.39e1;-2.38e1;-2.11e1;-8.78e0;301
752;0.183563;0.05914;0.081704;0.37313;301.4;-1.47e1;-2.46e1;-2.18e1;-8.56e0;301.4
753;0.165647;0.053463;0.074667;0.370431;301.8;-1.56e1;-2.54e1;-2.25e1;-8.63e0;301.8
754;0.165148;0.053426;0.075399;0.351311;302.2;-1.56e1;-2.54e1;-2.25e1;-9.09e0;302.2
755;0.164173;0.053128;0.075717;0.319273;302.6;-1.57e1;-2.55e1;-2.24e1;-9.92e0;302.6
756;0.171683;0.055554;0.080116;0.344208;303;-1.53e1;-2.51e1;-2.19e1;-9.26e0;303
757;0.188497;0.06104;0.0889;0.411577;303.4;-1.45e1;-2.43e1;-2.10e1;-7.71e0;303.4
758;0.18902;0.061192;0.089966;0.421152;303.8;-1.45e1;-2.43e1;-2.09e1;-7.51e0;303.8
759;0.180158;0.058466;0.086935;0.397662;304.2;-1.49e1;-2.47e1;-2.12e1;-8.01e0;304.2
760;0.162241;0.052585;0.079021;0.362306;304.6;-1.58e1;-2.56e1;-2.20e1;-8.82e0;304.6
761;0.148868;0.048074;0.07308;0.336292;305;-1.65e1;-2.64e1;-2.27e1;-9.47e0;305
762;0.150433;0.048678;0.074845;0.342186;305.4;-1.65e1;-2.63e1;-2.25e1;-9.31e0;305.4
763;0.149582;0.048468;0.075197;0.344997;305.8;-1.65e1;-2.63e1;-2.25e1;-9.24e0;305.8
764;0.158426;0.051295;0.080427;0.371356;306.2;-1.60e1;-2.58e1;-2.19e1;-8.60e0;306.2
765;0.174211;0.056397;0.089509;0.407025;306.6;-1.52e1;-2.50e1;-2.10e1;-7.81e0;306.6
766;0.168884;0.054524;0.087532;0.399165;307;-1.54e1;-2.53e1;-2.12e1;-7.98e0;307
767;0.164931;0.053227;0.086331;0.398454;307.4;-1.57e1;-2.55e1;-2.13e1;-7.99e0;307.4
768;0.148176;0.04776;0.078272;0.364215;307.8;-1.66e1;-2.64e1;-2.21e1;-8.77e0;307.8
769;0.135376;0.043598;0.072427;0.336321;308.2;-1.74e1;-2.72e1;-2.28e1;-9.46e0;308.2
770;0.136119;0.043863;0.073781;0.340417;308.6;-1.73e1;-2.72e1;-2.26e1;-9.36e0;308.6
771;0.139537;0.044973;0.076442;0.352161;309;-1.71e1;-2.69e1;-2.23e1;-9.07e0;309
772;0.151011;0.048607;0.083695;0.384178;309.4;-1.64e1;-2.63e1;-2.15e1;-8.31e0;309.4
773;0.150962;0.048506;0.08439;0.38804;309.8;-1.64e1;-2.63e1;-2.15e1;-8.22e0;309.8
774;0.131552;0.04226;0.074459;0.343365;310.2;-1.76e1;-2.75e1;-2.26e1;-9.28e0;310.2
775;0.121163;0.038955;0.069563;0.318417;310.6;-1.83e1;-2.82e1;-2.32e1;-9.94e0;310.6
776;0.127028;0.040697;0.07337;0.335967;311;-1.79e1;-2.78e1;-2.27e1;-9.47e0;311
777;0.135954;0.043496;0.079404;0.3642;311.4;-1.73e1;-2.72e1;-2.20e1;-8.77e0;311.4
778;0.144194;0.046221;0.085553;0.390311;311.8;-1.68e1;-2.67e1;-2.14e1;-8.17e0;311.8
779;0.149945;0.047992;0.089937;0.410725;312.2;-1.65e1;-2.64e1;-2.09e1;-7.73e0;312.2
780;0.14099;0.044984;0.085445;0.38963;312.6;-1.70e1;-2.69e1;-2.14e1;-8.19e0;312.6
781;0.134694;0.042912;0.082262;0.372982;313;-1.74e1;-2.73e1;-2.17e1;-8.57e0;313
782;0.12221;0.038974;0.075678;0.340162;313.4;-1.83e1;-2.82e1;-2.24e1;-9.37e0;313.4
783;0.115277;0.036845;0.072791;0.325232;313.8;-1.88e1;-2.87e1;-2.28e1;-9.76e0;313.8
784;0.116871;0.037446;0.075233;0.33792;314.2;-1.86e1;-2.85e1;-2.25e1;-9.42e0;314.2
785;0.12199;0.03931;0.080074;0.358324;314.6;-1.83e1;-2.81e1;-2.19e1;-8.91e0;314.6
786;0.129282;0.042082;0.086643;0.38217;315;-1.78e1;-2.75e1;-2.12e1;-8.35e0;315
787;0.137495;0.045105;0.093829;0.409878;315.4;-1.72e1;-2.69e1;-2.06e1;-7.75e0;315.4
788;0.127837;0.042202;0.089058;0.385464;315.8;-1.79e1;-2.75e1;-2.10e1;-8.28e0;315.8
789;0.122267;0.04043;0.086404;0.373264;316.2;-1.83e1;-2.79e1;-2.13e1;-8.56e0;316.2
790;0.109468;0.036249;0.078677;0.340179;316.6;-1.92e1;-2.88e1;-2.21e1;-9.37e0;316.6
791;0.104224;0.034434;0.075631;0.32624;317;-1.96e1;-2.93e1;-2.24e1;-9.73e0;317
792;0.087064;0.028612;0.06332;0.274672;317.4;-2.12e1;-3.09e1;-2.40e1;-1.12e1;317.4
793;0.076976;0.025041;0.05657;0.248983;317.8;-2.23e1;-3.20e1;-2.49e1;-1.21e1;317.8
794;0.073163;0.0237;0.054274;0.234364;318.2;-2.27e1;-3.25e1;-2.53e1;-1.26e1;318.2
795;0.048122;0.015526;0.035795;0.154617;318.6;-2.64e1;-3.62e1;-2.89e1;-1.62e1;318.6
796;0.023248;0.007564;0.017482;0.107859;319;-3.27e1;-4.24e1;-3.51e1;-1.93e1;319
797;0.016154;0.005155;0.012158;0.12628;319.4;-3.58e1;-4.58e1;-3.83e1;-1.80e1;319.4
798;0.0058;0.001852;0.004369;0.132931;319.8;-4.47e1;-5.46e1;-4.72e1;-1.75e1;319.8
799;0.00425;0.001338;0.003353;0.125408;320.2;-4.74e1;-5.75e1;-4.95e1;-1.80e1;320.2
800;0.008725;0.002724;0.006787;0.106541;320.6;-4.12e1;-5.13e1;-4.34e1;-1.94e1;320.6
801;0.006671;0.002119;0.005197;0.081326;321;-4.35e1;-5.35e1;-4.57e1;-2.18e1;321
802;0.001861;0.000613;0.001561;0.055138;321.4;-5.46e1;-6.43e1;-5.61e1;-2.52e1;321.4
803;0.001492;0.000401;0.001059;0.02759;321.8;-5.65e1;-6.79e1;-5.95e1;-3.12e1;321.8
804;0.001845;0.000465;0.001196;0.017037;322.2;-5.47e1;-6.67e1;-5.84e1;-3.54e1;322.2
805;0.000846;0.000161;0.00046;0.021266;322.6;-6.15e1;-7.59e1;-6.67e1;-3.34e1;322.6
806;0.000607;0.000305;0.00062;0.029868;323;-6.43e1;-7.03e1;-6.42e1;-3.05e1;323
807;0.001475;0.000469;0.001242;0.029986;323.4;-5.66e1;-6.66e1;-5.81e1;-3.05e1;323.4
808;0.001514;0.000417;0.001171;0.02416;323.8;-5.64e1;-6.76e1;-5.86e1;-3.23e1;323.8
809;0.000752;0.000223;0.000403;0.023215;324.2;-6.25e1;-7.30e1;-6.79e1;-3.27e1;324.2
810;0.00127;0.000219;0.000811;0.028699;324.6;-5.79e1;-7.32e1;-6.18e1;-3.08e1;324.6
811;0.00154;0.000294;0.001138;0.032329;325;-5.62e1;-7.06e1;-5.89e1;-2.98e1;325
812;0.000807;0.000277;0.000514;0.030061;325.4;-6.19e1;-7.12e1;-6.58e1;-3.04e1;325.4
813;0.000516;0.000271;0.000438;0.022363;325.8;-6.57e1;-7.13e1;-6.72e1;-3.30e1;325.8
814;0.000737;0.000241;0.000518;0.01295;326.2;-6.27e1;-7.24e1;-6.57e1;-3.78e1;326.2
815;0.000555;0.000268;0.000379;0.011743;326.6;-6.51e1;-7.14e1;-6.84e1;-3.86e1;326.6
816;0.000402;0.000251;0.000536;0.029623;327;-6.79e1;-7.20e1;-6.54e1;-3.06e1;327
817;0.000732;0.000252;0.000594;0.051969;327.4;-6.27e1;-7.20e1;-6.45e1;-2.57e1;327.4
818;0.000608;0.000294;0.000537;0.073345;327.8;-6.43e1;-7.06e1;-6.54e1;-2.27e1;327.8
819;0.000531;0.00024;0.000325;0.092805;328.2;-6.55e1;-7.24e1;-6.98e1;-2.06e1;328.2
820;0.000597;0.000233;0.000313;0.110675;328.6;-6.45e1;-7.27e1;-7.01e1;-1.91e1;328.6
821;0.000952;0.000262;0.00028;0.126415;329;-6.04e1;-7.16e1;-7.11e1;-1.80e1;329
822;0.000887;0.000256;0.000256;0.139628;329.4;-6.10e1;-7.18e1;-7.18e1;-1.71e1;329.4
823;0.000739;0.000311;0.000306;0.146018;329.8;-6.26e1;-7.01e1;-7.03e1;-1.67e1;329.8
824;0.002064;0.000266;0.00025;0.143484;330.2;-5.37e1;-7.15e1;-7.20e1;-1.69e1;330.2
825;0.001948;0.000262;0.000348;0.134197;330.6;-5.42e1;-7.16e1;-6.92e1;-1.74e1;330.6
826;0.001168;0.000324;0.000316;0.119325;331;-5.87e1;-6.98e1;-7.00e1;-1.85e1;331
827;0.001042;0.000249;0.00026;0.10117;331.4;-5.96e1;-7.21e1;-7.17e1;-1.99e1;331.4
828;0.002192;0.000256;0.000386;0.082131;331.8;-5.32e1;-7.18e1;-6.83e1;-2.17e1;331.8
829;0.004346;0.000311;0.000342;0.062324;332.2;-4.72e1;-7.01e1;-6.93e1;-2.41e1;332.2
830;0.00547;0.000244;0.000259;0.043076;332.6;-4.52e1;-7.23e1;-7.17e1;-2.73e1;332.6
831;0.003986;0.000258;0.000323;0.024209;333;-4.80e1;-7.18e1;-6.98e1;-3.23e1;333
832;0.002886;0.000286;0.000334;0.014268;333.4;-5.08e1;-7.09e1;-6.95e1;-3.69e1;333.4
833;0.002322;0.000244;0.000273;0.017089;333.8;-5.27e1;-7.23e1;-7.13e1;-3.53e1;333.8
834;0.003126;0.000245;0.000212;0.025034;334.2;-5.01e1;-7.22e1;-7.35e1;-3.20e1;334.2
835;0.004013;0.000244;0.000322;0.032552;334.6;-4.79e1;-7.23e1;-6.98e1;-2.97e1;334.6
836;0.00387;0.000264;0.000251;0.036798;335;-4.82e1;-7.16e1;-7.20e1;-2.87e1;335
837;0.003108;0.000288;0.000292;0.033334;335.4;-5.02e1;-7.08e1;-7.07e1;-2.95e1;335.4
838;0.002413;0.000286;0.000294;0.023518;335.8;-5.23e1;-7.09e1;-7.06e1;-3.26e1;335.8
839;0.001903;0.000274;0.000248;0.015739;336.2;-5.44e1;-7.12e1;-7.21e1;-3.61e1;336.2
840;0.001546;0.000198;0.000214;0.01058;336.6;-5.62e1;-7.41e1;-7.34e1;-3.95e1;336.6
841;0.001802;0.000264;0.000329;0.009442;337;-5.49e1;-7.16e1;-6.97e1;-4.05e1;337
842;0.002838;0.000244;0.000367;0.007295;337.4;-5.09e1;-7.23e1;-6.87e1;-4.27e1;337.4
843;0.00447;0.00028;0.0004;0.007336;337.8;-4.70e1;-7.11e1;-6.80e1;-4.27e1;337.8
844;0.004199;0.000308;0.000337;0.007525;338.2;-4.75e1;-7.02e1;-6.94e1;-4.25e1;338.2
845;0.002339;0.000279;0.000264;0.006128;338.6;-5.26e1;-7.11e1;-7.16e1;-4.43e1;338.6
846;0.001396;0.000277;0.000259;0.007855;339;-5.71e1;-7.12e1;-7.17e1;-4.21e1;339
847;0.00245;0.000238;0.000272;0.006968;339.4;-5.22e1;-7.25e1;-7.13e1;-4.31e1;339.4
848;0.003426;0.000287;0.000321;0.005453;339.8;-4.93e1;-7.08e1;-6.99e1;-4.53e1;339.8
849;0.004059;0.000298;0.000375;0.005556;340.2;-4.78e1;-7.05e1;-6.85e1;-4.51e1;340.2
850;0.004611;0.000318;0.000393;0.005271;340.6;-4.67e1;-7.00e1;-6.81e1;-4.56e1;340.6
851;0.004415;0.00026;0.000362;0.004598;341;-4.71e1;-7.17e1;-6.88e1;-4.67e1;341
852;0.003331;0.000286;0.000356;0.003483;341.4;-4.95e1;-7.09e1;-6.90e1;-4.92e1;341.4
853;0.002208;0.000308;0.00024;0.0037;341.8;-5.31e1;-7.02e1;-7.24e1;-4.86e1;341.8
854;0.002177;0.000234;0.000259;0.004742;342.2;-5.32e1;-7.26e1;-7.17e1;-4.65e1;342.2
855;0.003029;0.000368;0.000323;0.003572;342.6;-5.04e1;-6.87e1;-6.98e1;-4.89e1;342.6
856;0.003137;0.000179;0.000263;0.002634;343;-5.01e1;-7.49e1;-7.16e1;-5.16e1;343
857;0.002355;0.000346;0.000308;0.003628;343.4;-5.26e1;-6.92e1;-7.02e1;-4.88e1;343.4
858;0.001574;0.000285;0.000274;0.003773;343.8;-5.61e1;-7.09e1;-7.12e1;-4.85e1;343.8
859;0.000904;0.000292;0.000404;0.001741;344.2;-6.09e1;-7.07e1;-6.79e1;-5.52e1;344.2
860;0.00046;0.000273;0.000424;0.002399;344.6;-6.67e1;-7.13e1;-6.75e1;-5.24e1;344.6
861;0.000451;0.000256;0.000494;0.003699;345;-6.69e1;-7.18e1;-6.61e1;-4.86e1;345
862;0.000232;0.000247;0.000402;0.005855;345.4;-7.27e1;-7.21e1;-6.79e1;-4.46e1;345.4
863;0.000175;0.000295;0.000279;0.00308;345.8;-7.51e1;-7.06e1;-7.11e1;-5.02e1;345.8
864;0.000245;0.000376;0.000319;0.005171;346.2;-7.22e1;-6.85e1;-6.99e1;-4.57e1;346.2
865;0.000348;0.000266;0.000291;0.006571;346.6;-6.92e1;-7.15e1;-7.07e1;-4.36e1;346.6
866;0.000231;0.000315;0.000284;0.003901;347;-7.27e1;-7.00e1;-7.09e1;-4.82e1;347
867;0.000226;0.000208;0.000259;0.004154;347.4;-7.29e1;-7.36e1;-7.17e1;-4.76e1;347.4
868;0.000321;0.00031;0.000365;0.003328;347.8;-6.99e1;-7.02e1;-6.88e1;-4.96e1;347.8
869;0.000258;0.000236;0.00035;0.005215;348.2;-7.18e1;-7.25e1;-6.91e1;-4.57e1;348.2
870;0.000256;0.000273;0.000382;0.005825;348.6;-7.18e1;-7.13e1;-6.84e1;-4.47e1;348.6
871;0.000383;0.000273;0.00035;0.006547;349;-6.83e1;-7.13e1;-6.91e1;-4.37e1;349
872;0.000403;0.000341;0.000339;0.0102;349.4;-6.79e1;-6.93e1;-6.94e1;-3.98e1;349.4
873;0.000233;0.000277;0.000424;0.012284;349.8;-7.27e1;-7.12e1;-6.75e1;-3.82e1;349.8
874;0.000298;0.000274;0.00041;0.013467;350.2;-7.05e1;-7.12e1;-6.77e1;-3.74e1;350.2
875;0.000295;0.000248;0.000376;0.015578;350.6;-7.06e1;-7.21e1;-6.85e1;-3.61e1;350.6
876;0.000306;0.000345;0.000566;0.015139;351;-7.03e1;-6.92e1;-6.49e1;-3.64e1;351
877;0.000345;0.000326;0.000349;0.012277;351.4;-6.92e1;-6.97e1;-6.91e1;-3.82e1;351.4
878;0.000256;0.000277;0.000316;0.007604;351.8;-7.18e1;-7.12e1;-7.00e1;-4.24e1;351.8
879;0.000266;0.000358;0.000263;0.004812;352.2;-7.15e1;-6.89e1;-7.16e1;-4.64e1;352.2
880;0.000208;0.000284;0.000472;0.004117;352.6;-7.36e1;-7.09e1;-6.65e1;-4.77e1;352.6
881;0.000123;0.00027;0.000405;0.001408;353;-7.82e1;-7.14e1;-6.79e1;-5.70e1;353
882;0.000165;0.000464;0.000455;0.002999;353.4;-7.57e1;-6.67e1;-6.68e1;-5.05e1;353.4
883;0.000206;0.000391;0.000418;0.00522;353.8;-7.37e1;-6.82e1;-6.76e1;-4.56e1;353.8
884;0.000163;0.000334;0.000293;0.00417;354.2;-7.58e1;-6.95e1;-7.07e1;-4.76e1;354.2
885;6.50e-5;0.000208;0.00035;0.003664;354.6;-8.37e1;-7.36e1;-6.91e1;-4.87e1;354.6
886;0.000357;0.000351;0.000275;0.001862;355;-6.89e1;-6.91e1;-7.12e1;-5.46e1;355
887;0.000119;0.000227;0.0002;0.001447;355.4;-7.85e1;-7.29e1;-7.40e1;-5.68e1;355.4
888;4.91e-5;0.000132;9.37e-5;0.000597;355.8;-8.62e1;-7.76e1;-8.06e1;-6.45e1;355.8
889;7.30e-5;8.23e-5;9.84e-5;0.000472;356.2;-8.27e1;-8.17e1;-8.01e1;-6.65e1;356.2
890;8.30e-5;5.75e-5;3.80e-5;0.000881;356.6;-8.16e1;-8.48e1;-8.84e1;-6.11e1;356.6
891;4.68e-5;3.51e-5;4.32e-5;0.001394;357;-8.66e1;-8.91e1;-8.73e1;-5.71e1;357
892;1.63e-5;1.77e-5;1.73e-5;0.001118;357.4;-9.58e1;-9.51e1;-9.53e1;-5.90e1;357.4
893;1.19e-5;1.61e-5;1.95e-5;0.000559;357.8;-9.85e1;-9.59e1;-9.42e1;-6.51e1;357.8
894;1.67e-5;1.02e-5;8.14e-6;0.00064;358.2;-9.55e1;-9.98e1;-1.02e2;-6.39e1;358.2
895;9.02e-6;1.06e-5;9.53e-6;0.000862;358.6;-1.01e2;-9.95e1;-1.00e2;-6.13e1;358.6
896;8.11e-6;6.84e-6;4.02e-6;0.000831;359;-1.02e2;-1.03e2;-1.08e2;-6.16e1;359
897;1.94e-5;2.84e-6;6.10e-6;0.000961;359.4;-9.42e1;-1.11e2;-1.04e2;-6.03e1;359.4
898;2.14e-5;5.76e-6;2.20e-6;0.00081;359.8;-9.34e1;-1.05e2;-1.13e2;-6.18e1;359.8
899;1.43e-5;2.18e-6;3.18e-6;0.000823;360.2;-9.69e1;-1.13e2;-1.10e2;-6.17e1;360.2
900;4.68e-6;2.45e-6;1.07e-6;0.000667;360.6;-1.07e2;-1.12e2;-1.19e2;-6.35e1;360.6
901;3.90e-6;1.48e-6;1.71e-6;0.00042;361;-1.08e2;-1.17e2;-1.15e2;-6.75e1;361
902;8.77e-6;2.81e-6;2.34e-6;0.000255;361.4;-1.01e2;-1.11e2;-1.13e2;-7.19e1;361.4
903;6.63e-6;1.21e-6;1.07e-6;0.000159;361.8;-1.04e2;-1.18e2;-1.19e2;-7.60e1;361.8
904;2.57e-6;5.46e-7;1.57e-6;0.000142;362.2;-1.12e2;-1.25e2;-1.16e2;-7.70e1;362.2
905;3.35e-6;1.50e-6;1.33e-6;8.82e-5;362.6;-1.09e2;-1.16e2;-1.18e2;-8.11e1;362.6
906;3.40e-6;4.08e-7;2.41e-6;4.70e-5;363;-1.09e2;-1.28e2;-1.12e2;-8.66e1;363
907;1.93e-6;8.15e-7;1.11e-6;2.48e-5;363.4;-1.14e2;-1.22e2;-1.19e2;-9.21e1;363.4
908;2.20e-6;7.51e-7;7.90e-7;3.85e-5;363.8;-1.13e2;-1.22e2;-1.22e2;-8.83e1;363.8
909;1.36e-6;8.19e-7;5.95e-7;4.05e-5;364.2;-1.17e2;-1.22e2;-1.25e2;-8.79e1;364.2
910;5.06e-7;2.88e-7;6.40e-7;3.66e-5;364.6;-1.26e2;-1.31e2;-1.24e2;-8.87e1;364.6
911;1.07e-6;4.22e-7;5.97e-7;3.75e-5;365;-1.19e2;-1.27e2;-1.24e2;-8.85e1;365
912;1.19e-6;3.76e-7;3.80e-7;3.92e-5;365.4;-1.18e2;-1.28e2;-1.28e2;-8.81e1;365.4
913;5.74e-7;3.33e-7;2.50e-7;4.14e-5;365.8;-1.25e2;-1.30e2;-1.32e2;-8.77e1;365.8
914;4.61e-7;4.30e-7;2.79e-7;3.74e-5;366.2;-1.27e2;-1.27e2;-1.31e2;-8.85e1;366.2
915;7.77e-7;2.10e-7;2.71e-7;2.98e-5;366.6;-1.22e2;-1.34e2;-1.31e2;-9.05e1;366.6
916;1.15e-6;2.37e-7;2.32e-7;1.47e-5;367;-1.19e2;-1.33e2;-1.33e2;-9.67e1;367
917;6.77e-7;1.17e-7;1.74e-7;1.03e-5;367.4;-1.23e2;-1.39e2;-1.35e2;-9.98e1;367.4
918;4.55e-7;1.62e-7;1.27e-7;9.09e-6;367.8;-1.27e2;-1.36e2;-1.38e2;-1.01e2;367.8
919;4.16e-7;1.23e-7;1.83e-7;5.75e-6;368.2;-1.28e2;-1.38e2;-1.35e2;-1.05e2;368.2
920;2.53e-7;9.75e-8;1.94e-7;6.68e-6;368.6;-1.32e2;-1.40e2;-1.34e2;-1.04e2;368.6
921;2.05e-7;1.35e-7;1.37e-7;4.75e-6;369;-1.34e2;-1.37e2;-1.37e2;-1.06e2;369
922;2.32e-7;8.19e-8;1.56e-7;4.53e-6;369.4;-1.33e2;-1.42e2;-1.36e2;-1.07e2;369.4
923;2.80e-7;3.38e-8;8.58e-8;5.79e-6;369.8;-1.31e2;-1.49e2;-1.41e2;-1.05e2;369.8
924;8.91e-8;5.44e-8;8.04e-8;6.11e-6;370.2;-1.41e2;-1.45e2;-1.42e2;-1.04e2;370.2
925;1.38e-7;4.31e-8;7.05e-8;7.07e-6;370.6;-1.37e2;-1.47e2;-1.43e2;-1.03e2;370.6
926;2.23e-7;2.75e-8;4.09e-8;5.29e-6;371;-1.33e2;-1.51e2;-1.48e2;-1.06e2;371
927;2.69e-7;9.82e-8;4.97e-8;2.62e-6;371.4;-1.31e2;-1.40e2;-1.46e2;-1.12e2;371.4
928;2.32e-7;7.48e-8;3.81e-8;1.96e-6;371.8;-1.33e2;-1.43e2;-1.48e2;-1.14e2;371.8
929;1.68e-7;2.48e-8;6.27e-8;1.50e-6;372.2;-1.36e2;-1.52e2;-1.44e2;-1.16e2;372.2
930;1.76e-7;4.03e-8;3.78e-8;3.03e-6;372.6;-1.35e2;-1.48e2;-1.48e2;-1.10e2;372.6
931;1.00e-7;2.08e-8;4.91e-8;4.94e-6;373;-1.40e2;-1.54e2;-1.46e2;-1.06e2;373
932;5.80e-8;2.65e-8;7.11e-8;6.60e-6;373.4;-1.45e2;-1.52e2;-1.43e2;-1.04e2;373.4
933;4.76e-8;1.50e-8;3.16e-8;6.69e-6;373.8;-1.46e2;-1.56e2;-1.50e2;-1.03e2;373.8
934;3.51e-8;1.83e-8;2.00e-8;5.72e-6;374.2;-1.49e2;-1.55e2;-1.54e2;-1.05e2;374.2
935;5.29e-8;1.18e-8;1.76e-8;6.19e-6;374.6;-1.46e2;-1.59e2;-1.55e2;-1.04e2;374.6
936;3.71e-8;1.15e-8;3.42e-8;5.90e-6;375;-1.49e2;-1.59e2;-1.49e2;-1.05e2;375
937;2.42e-8;1.66e-8;2.29e-8;3.67e-6;375.4;-1.52e2;-1.56e2;-1.53e2;-1.09e2;375.4
938;3.38e-8;1.29e-8;2.05e-8;3.60e-6;375.8;-1.49e2;-1.58e2;-1.54e2;-1.09e2;375.8
939;2.31e-8;6.16e-9;1.20e-8;3.40e-6;376.2;-1.53e2;-1.64e2;-1.58e2;-1.09e2;376.2
940;3.74e-8;8.11e-9;2.05e-8;2.53e-6;376.6;-1.49e2;-1.62e2;-1.54e2;-1.12e2;376.6
941;2.79e-8;8.81e-9;1.41e-8;1.81e-6;377;-1.51e2;-1.61e2;-1.57e2;-1.15e2;377
942;3.09e-8;1.24e-8;1.96e-8;1.43e-6;377.4;-1.50e2;-1.58e2;-1.54e2;-1.17e2;377.4
943;2.04e-8;6.23e-9;1.14e-8;9.14e-7;377.8;-1.54e2;-1.64e2;-1.59e2;-1.21e2;377.8
944;1.60e-8;5.30e-9;1.15e-8;5.98e-7;378.2;-1.56e2;-1.66e2;-1.59e2;-1.24e2;378.2
945;2.90e-8;5.72e-9;8.76e-9;3.22e-7;378.6;-1.51e2;-1.65e2;-1.61e2;-1.30e2;378.6
946;2.13e-8;5.97e-9;8.72e-9;2.88e-7;379;-1.53e2;-1.64e2;-1.61e2;-1.31e2;379
947;2.19e-8;5.42e-9;9.16e-9;3.33e-7;379.4;-1.53e2;-1.65e2;-1.61e2;-1.30e2;379.4
948;1.69e-8;6.25e-9;9.12e-9;3.36e-7;379.8;-1.55e2;-1.64e2;-1.61e2;-1.29e2;379.8
949;1.72e-8;5.12e-9;1.02e-8;4.94e-7;380.2;-1.55e2;-1.66e2;-1.60e2;-1.26e2;380.2
950;1.45e-8;3.71e-9;8.55e-9;3.67e-7;380.6;-1.57e2;-1.69e2;-1.61e2;-1.29e2;380.6
951;1.34e-8;5.75e-9;6.47e-9;2.74e-7;381;-1.57e2;-1.65e2;-1.64e2;-1.31e2;381
952;1.44e-8;4.12e-9;9.32e-9;3.00e-7;381.4;-1.57e2;-1.68e2;-1.61e2;-1.30e2;381.4
953;1.34e-8;4.02e-9;7.85e-9;2.32e-7;381.8;-1.57e2;-1.68e2;-1.62e2;-1.33e2;381.8
954;1.23e-8;3.62e-9;8.20e-9;2.46e-7;382.2;-1.58e2;-1.69e2;-1.62e2;-1.32e2;382.2
955;1.40e-8;3.80e-9;7.50e-9;1.38e-7;382.6;-1.57e2;-1.68e2;-1.63e2;-1.37e2;382.6
956;1.22e-8;3.29e-9;7.89e-9;1.16e-7;383;-1.58e2;-1.70e2;-1.62e2;-1.39e2;383
957;1.22e-8;3.68e-9;7.90e-9;7.45e-8;383.4;-1.58e2;-1.69e2;-1.62e2;-1.43e2;383.4
958;1.21e-8;3.18e-9;7.60e-9;4.89e-8;383.8;-1.58e2;-1.70e2;-1.62e2;-1.46e2;383.8
959;1.20e-8;3.39e-9;7.42e-9;9.43e-8;384.2;-1.58e2;-1.69e2;-1.63e2;-1.41e2;384.2
960;1.20e-8;3.42e-9;7.85e-9;4.30e-8;384.6;-1.58e2;-1.69e2;-1.62e2;-1.47e2;384.6
961;1.21e-8;3.36e-9;7.13e-9;4.91e-8;385;-1.58e2;-1.69e2;-1.63e2;-1.46e2;385
962;1.19e-8;3.26e-9;7.50e-9;5.93e-8;385.4;-1.58e2;-1.70e2;-1.63e2;-1.45e2;385.4
963;1.18e-8;3.10e-9;7.20e-9;4.25e-8;385.8;-1.59e2;-1.70e2;-1.63e2;-1.47e2;385.8
964;1.18e-8;3.17e-9;7.19e-9;3.87e-8;386.2;-1.59e2;-1.70e2;-1.63e2;-1.48e2;386.2
965;1.17e-8;3.11e-9;7.16e-9;4.25e-8;386.6;-1.59e2;-1.70e2;-1.63e2;-1.47e2;386.6
966;1.17e-8;3.13e-9;7.01e-9;4.68e-8;387;-1.59e2;-1.70e2;-1.63e2;-1.47e2;387
967;1.16e-8;3.06e-9;7.02e-9;3.69e-8;387.4;-1.59e2;-1.70e2;-1.63e2;-1.49e2;387.4
968;1.16e-8;3.07e-9;6.88e-9;4.00e-8;387.8;-1.59e2;-1.70e2;-1.63e2;-1.48e2;387.8
969;1.16e-8;2.99e-9;6.90e-9;3.82e-8;388.2;-1.59e2;-1.70e2;-1.63e2;-1.48e2;388.2
970;1.15e-8;3.00e-9;6.69e-9;3.86e-8;388.6;-1.59e2;-1.70e2;-1.63e2;-1.48e2;388.6
971;1.15e-8;2.97e-9;6.71e-9;3.52e-8;389;-1.59e2;-1.71e2;-1.63e2;-1.49e2;389
972;1.15e-8;2.95e-9;6.67e-9;4.44e-8;389.4;-1.59e2;-1.71e2;-1.64e2;-1.47e2;389.4
973;1.14e-8;2.93e-9;6.57e-9;3.79e-8;389.8;-1.59e2;-1.71e2;-1.64e2;-1.48e2;389.8
974;1.14e-8;2.91e-9;6.51e-9;3.99e-8;390.2;-1.59e2;-1.71e2;-1.64e2;-1.48e2;390.2
975;1.13e-8;2.89e-9;6.47e-9;3.77e-8;390.6;-1.59e2;-1.71e2;-1.64e2;-1.48e2;390.6
976;1.13e-8;2.88e-9;6.41e-9;4.03e-8;391;-1.59e2;-1.71e2;-1.64e2;-1.48e2;391
977;1.13e-8;2.86e-9;6.36e-9;3.51e-8;391.4;-1.59e2;-1.71e2;-1.64e2;-1.49e2;391.4
978;1.13e-8;2.84e-9;6.30e-9;3.45e-8;391.8;-1.59e2;-1.71e2;-1.64e2;-1.49e2;391.8
979;1.12e-8;2.83e-9;6.26e-9;3.62e-8;392.2;-1.59e2;-1.71e2;-1.64e2;-1.49e2;392.2
980;1.12e-8;2.81e-9;6.21e-9;3.56e-8;392.6;-1.59e2;-1.71e2;-1.64e2;-1.49e2;392.6
981;1.12e-8;2.80e-9;6.17e-9;3.48e-8;393;-1.59e2;-1.71e2;-1.64e2;-1.49e2;393
982;1.12e-8;2.79e-9;6.12e-9;3.52e-8;393.4;-1.59e2;-1.71e2;-1.64e2;-1.49e2;393.4
983;1.11e-8;2.77e-9;6.09e-9;3.47e-8;393.8;-1.59e2;-1.71e2;-1.64e2;-1.49e2;393.8
984;1.11e-8;2.76e-9;6.04e-9;3.44e-8;394.2;-1.59e2;-1.71e2;-1.64e2;-1.49e2;394.2
985;1.11e-8;2.75e-9;6.01e-9;3.45e-8;394.6;-1.59e2;-1.71e2;-1.64e2;-1.49e2;394.6
986;1.11e-8;2.74e-9;5.98e-9;3.42e-8;395;-1.59e2;-1.71e2;-1.64e2;-1.49e2;395
987;1.11e-8;2.73e-9;5.94e-9;3.40e-8;395.4;-1.59e2;-1.71e2;-1.65e2;-1.49e2;395.4
988;1.10e-8;2.72e-9;5.91e-9;3.40e-8;395.8;-1.59e2;-1.71e2;-1.65e2;-1.49e2;395.8
989;1.10e-8;2.72e-9;5.89e-9;3.37e-8;396.2;-1.59e2;-1.71e2;-1.65e2;-1.49e2;396.2
990;1.10e-8;2.71e-9;5.86e-9;3.37e-8;396.6;-1.59e2;-1.71e2;-1.65e2;-1.49e2;396.6
991;1.10e-8;2.70e-9;5.84e-9;3.35e-8;397;-1.59e2;-1.71e2;-1.65e2;-1.49e2;397
992;1.10e-8;2.70e-9;5.82e-9;3.34e-8;397.4;-1.59e2;-1.71e2;-1.65e2;-1.50e2;397.4
993;1.10e-8;2.69e-9;5.80e-9;3.34e-8;397.8;-1.59e2;-1.71e2;-1.65e2;-1.50e2;397.8
994;1.10e-8;2.68e-9;5.78e-9;3.33e-8;398.2;-1.59e2;-1.71e2;-1.65e2;-1.50e2;398.2
995;1.10e-8;2.68e-9;5.77e-9;3.32e-8;398.6;-1.59e2;-1.71e2;-1.65e2;-1.50e2;398.6
996;1.09e-8;2.68e-9;5.76e-9;3.31e-8;399;-1.59e2;-1.71e2;-1.65e2;-1.50e2;399
997;1.09e-8;2.67e-9;5.75e-9;3.31e-8;399.4;-1.59e2;-1.71e2;-1.65e2;-1.50e2;399.4
998;1.09e-8;2.67e-9;5.74e-9;3.31e-8;399.8;-1.59e2;-1.71e2;-1.65e2;-1.50e2;399.8
999;1.09e-8;2.67e-9;5.73e-9;3.30e-8;400.2;-1.59e2;-1.71e2;-1.65e2;-1.50e2;400.2
1000;1.09e-8;2.67e-9;5.73e-9;3.30e-8;400.6;-1.59e2;-1.71e2;-1.65e2;-1.50e2;400.6
